# 1 1.0000
0
0
0
0
0
0
0
0
0
0
0
0
0
0
0
0
0
0
0
0
0
0
0
0
0
0
0
0
0
0
0
0
0
0
0
0
0
0
0
0
0
0
0
0
0
0
0
0
0
0
0
0
0
0
0
0
0
0
0
0
0
0
0
0
0
0
0
0
0
0
0
0
0
0
0
0
0
0
0
0
0
0
0
0
0
0
0
0
0
0
0
0
0
0
0
0
0
0
0
0
0
0
0
0
0
0
0
0
0
0
0
0
0
0
0
0
0
0
0
0
0
0
0
0
0
0
0
0
0
0
0
0
0
0
0
0
0
0
0
0
0
0
0
0
0
0
0
0
0
0
0
0
0
0
0
0
0
0
0
0
0
0
0
0
0
0
0
0
0
0
0
0
0
0
0
0
0
0
0
0
0
0
0
0
0
0
0
0
0
0
0
0
0
0
0
0
0
0
0
0
0
0
0
0
0
0
0
0
0
0
0
0
0
0
0
0
0
0
0
0
0
0
0
0
0
# 0 1.5000
0
0
0
0
0
0
0
0
0
0
0
0
0
0
0
0
0
0
0
0
0
0
0
0
0
0
0
0
0
0
0
0
0
0
0
0
0
0
0
0
0
0
0
0
0
0
0
0
0
0
0
0
0
0
0
0
0
0
0
0
0
0
0
0
0
0
0
0
0
0
0
0
0
0
0
0
0
0
0
0
0
0
0
0
0
0
0
0
0
0
0
0
0
0
0
0
0
0
0
0
0
0
0
0
0
0
0
0
0
0
0
0
0
0
0
0
0
0
0
0
0
0
0
0
0
0
0
0
0
0
0
0
0
0
0
0
0
0
0
0
0
0
0
0
0
0
0
0
0
0
0
0
0
0
0
0
0
0
0
0
0
0
0
0
0
0
0
0
0
0
0
0
0
0
0
0
0
0
0
0
0
0
0
0
0
0
0
0
0
0
0
0
0
0
0
0
0
0
0
0
0
0
0
0
0
0
0
0
0
0
0
0
0
0
0
0
0
0
0
0
0
0
0
0
0
# 4 2.0000
0
1
1
1
1
1
1
1
1
1
1
1
1
1
1
1
1
1
1
1
1
1
1
1
1
1
1
1
1
1
1
1
1
1
1
1
1
1
1
1
1
1
1
1
1
1
1
1
1
1
1
1
1
1
1
1
1
1
1
1
1
1
1
1
1
1
1
1
1
1
1
1
1
1
1
1
1
1
1
1
1
1
1
1
1
1
1
1
1
1
1
91
91
91
91
1
1
1
1
1
1
1
1
1
1
1
1
91
91
91
1
1
1
1
114
1
1
1
1
1
1
91
91
91
91
1
1
1
1
114
1
1
132
1
1
1
1
1
91
91
91
1
1
1
1
1
1
1
1
1
1
1
1
1
1
91
1
1
1
1
160
1
1
163
163
1
1
167
1
1
1
1
1
1
1
1
1
1
1
1
1
1
1
1
1
1
1
1
1
1
1
1
1
1
1
1
1
1
1
1
1
1
1
1
1
1
1
1
208
1
0
1
1
1
1
1
1
1
1
1
1
1
1
1
1
# 7 2.5000
0
0
0
0
4
4
4
4
0
9
0
0
0
0
0
15
15
0
0
0
0
0
0
0
0
0
0
0
0
0
0
0
0
0
0
0
0
0
0
0
0
0
0
0
0
0
0
47
0
0
50
0
0
0
0
0
0
0
0
0
0
0
0
0
0
0
0
0
68
0
0
0
0
0
0
0
0
0
0
0
0
0
0
0
0
0
0
0
88
0
0
0
0
0
0
0
0
0
0
0
0
0
0
0
0
0
0
0
108
108
0
0
0
0
0
0
0
0
0
0
0
0
0
0
0
0
0
0
0
0
0
0
132
132
132
0
0
0
138
138
138
138
138
138
0
0
0
132
132
132
0
0
0
0
138
138
0
138
138
0
0
0
132
132
132
0
0
0
0
0
0
0
138
138
0
0
0
0
132
132
0
0
0
0
0
0
0
138
138
0
0
0
0
0
0
0
0
0
0
0
0
4
202
138
138
0
206
206
0
0
0
0
0
0
4
4
4
4
0
0
0
206
206
206
0
# 5 3.0000
0
1
1
1
1
1
1
7
7
7
1
1
1
1
0
15
0
1
1
1
1
7
7
1
7
1
1
0
0
0
15
0
0
1
1
1
1
1
1
1
0
0
42
0
0
0
0
0
1
1
1
1
1
1
1
0
0
0
0
0
0
0
0
0
0
1
1
1
1
0
0
0
0
0
0
0
0
77
77
0
0
0
0
1
0
0
1
1
1
0
1
1
0
0
0
0
96
0
1
1
1
1
1
1
1
1
0
0
0
109
0
0
0
1
1
1
1
1
1
1
1
1
0
0
109
0
0
0
1
1
0
1
1
1
1
1
1
0
0
0
0
0
0
0
0
0
0
1
1
1
0
0
0
0
0
0
0
0
1
1
0
0
1
1
1
0
0
0
168
0
0
0
0
1
1
1
0
1
1
1
1
0
0
0
0
1
1
0
0
1
1
0
1
1
1
1
0
0
1
1
200
1
1
0
1
1
1
1
1
0
0
1
1
1
1
200
1
1
1
1
1
1
222
1
0
# 7 3.5000
0
1
1
0
0
0
1
1
0
0
1
1
0
0
1
0
1
1
0
1
1
1
0
0
0
1
0
0
0
0
0
0
1
0
1
1
1
0
0
0
1
0
0
0
0
0
0
0
0
1
1
1
0
0
0
0
56
56
0
0
1
1
1
0
0
1
1
1
1
1
0
0
0
0
1
1
1
1
1
1
1
81
1
1
0
0
0
0
0
1
0
1
1
1
1
1
81
81
1
1
0
0
0
0
0
0
0
0
1
1
1
81
81
1
1
0
0
0
0
119
0
0
0
0
1
1
1
1
1
1
1
0
0
0
0
0
0
0
0
0
1
141
141
1
1
1
1
1
0
0
0
0
0
0
0
1
1
141
1
159
159
1
1
0
0
0
0
0
0
0
1
1
141
1
1
1
1
1
1
0
1
0
1
0
1
1
1
1
1
189
1
1
0
0
0
1
1
1
1
1
189
189
189
189
189
1
1
0
0
1
0
1
1
1
0
215
189
1
1
1
1
0
0
0
1
# 6 4.0000
0
0
2
0
0
0
6
6
6
6
6
6
6
6
6
6
6
0
0
0
0
6
6
6
6
6
6
6
6
6
0
6
0
0
0
0
6
6
0
6
40
6
6
6
0
0
6
0
0
0
0
6
0
0
6
40
40
40
6
0
0
6
6
0
0
0
6
0
6
6
6
6
6
73
74
0
6
0
0
0
0
6
0
0
6
6
6
6
6
0
0
0
0
0
0
0
0
0
0
0
0
0
6
6
0
0
0
0
0
0
0
0
0
0
6
6
6
6
0
0
0
0
0
0
0
0
6
6
6
6
6
6
6
6
0
0
0
0
0
0
0
0
6
6
6
6
6
6
0
0
0
0
0
0
6
6
6
6
158
158
6
6
6
0
0
0
166
0
0
6
170
6
158
158
174
158
6
6
0
0
0
166
0
0
6
170
6
6
158
158
158
6
6
6
0
0
0
0
0
0
6
6
6
158
158
158
6
6
0
0
0
0
0
0
0
6
6
6
6
158
6
221
221
6
0
# 11 4.5000
0
0
0
0
0
0
0
7
0
0
0
0
0
13
0
0
0
17
17
17
17
17
0
0
0
0
0
0
0
0
0
0
17
17
17
0
17
0
0
0
0
41
0
0
0
0
0
17
17
17
0
17
0
0
41
41
41
0
0
59
0
0
0
0
0
0
0
0
0
41
41
41
41
0
0
0
0
77
77
0
80
0
0
0
41
41
41
41
41
0
90
90
0
77
0
0
0
0
98
99
99
41
102
102
90
90
0
0
0
109
0
0
0
98
99
98
102
102
102
90
90
0
0
0
0
0
0
0
98
99
98
102
98
102
90
90
0
0
0
0
0
98
98
98
98
98
98
98
98
0
0
0
152
0
0
0
98
98
158
98
0
0
98
0
0
0
152
152
152
0
0
98
98
98
0
0
0
98
98
0
152
152
152
152
0
152
186
98
98
0
0
0
98
98
0
0
152
152
152
152
152
152
0
0
0
0
206
0
0
0
0
152
152
152
152
0
0
0
0
0
0
206
0
0
0
# 6 5.0000
0
1
2
1
1
2
2
2
2
1
10
10
1
1
1
1
1
2
1
1
2
1
2
1
1
10
10
1
1
1
30
30
1
33
1
2
1
2
2
1
1
10
1
30
1
30
30
1
1
1
1
1
1
2
1
1
10
1
30
30
30
30
1
30
1
1
2
2
2
1
1
1
30
30
30
30
30
30
30
1
1
2
2
2
1
1
30
30
30
30
90
30
1
1
1
1
1
1
1
1
30
30
30
1
30
30
30
1
1
2
2
1
1
1
1
1
1
1
1
1
30
1
1
1
2
2
1
1
1
1
1
1
1
1
30
30
1
1
2
2
2
1
142
1
144
1
1
30
30
30
30
30
1
2
2
2
2
1
1
1
160
1
30
30
164
30
1
2
2
169
2
2
1
1
1
1
1
30
1
30
30
1
2
2
169
2
1
1
1
1
1
1
30
1
30
1
1
2
2
2
2
2
2
2
2
1
1
1
1
30
1
1
2
2
2
2
2
2
1
1
1
1
222
1
30
