36.568734544936085
35.23160711840217
34.11729753830889
33.11933779223969
32.26549120382258
31.514857300887293
30.95927910253402
30.639084907634427
30.683866604720677
31.459353904252584
32.003058843529
32.20317514746144
32.23879109719284
32.21626104087248
32.14536529370018
32.01760170459621
31.865324092903208
31.699562232003867
31.51132725474098
31.329523786300392
31.111216398674173
30.892148174953235
30.65855783514199
30.420179198670755
30.194114613629715
29.945979093068207
29.718871432761446
29.480792384199805
29.258539109396718
29.005320355482848
28.757046928718626
28.539080684287736
28.29483775670749
28.069904124009643
27.878220656680657
27.62257614782912
