0.015293500000000007
0.01602125
0.0165465
0.017152499999999998
0.017762250000000007
0.01823775
0.0186325
0.018955000000000003
0.018993999999999997
0.018639749999999997
0.018143249999999996
0.017895999999999995
0.017919249999999987
0.0179605
0.017995249999999997
0.0181675
0.0182175
0.018249
0.01847775
0.018525000000000003
0.018680249999999995
0.018764
0.019049999999999997
0.019205500000000004
0.019274500000000003
0.019491500000000005
0.019745500000000013
0.019589999999999993
0.019901250000000006
0.02001125
0.02031450000000001
0.020414249999999995
0.020559499999999998
0.020796250000000002
0.02096825
