0.015235379999999998
0.01592859
0.016605480000000002
0.017196400000000004
0.017721549999999996
0.018187489999999994
0.018585100000000007
0.01883442
0.018910150000000004
0.018642680000000012
0.018158449999999996
0.017983189999999996
0.017929290000000014
0.017947240000000003
0.017999389999999994
0.01805288
0.018192270000000003
0.01829358
0.018378769999999996
0.018506339999999993
0.018655630000000006
0.018826180000000005
0.018974959999999996
0.01906753000000001
0.01927588
0.019433420000000003
0.019556810000000008
0.019757709999999998
0.019881340000000008
0.02009279
0.020227820000000004
0.020411750000000003
0.020553000000000002
0.020761800000000007
0.02088621
