0.015214199999999995
0.02078849
0.026052510000000004
0.030426199999999994
0.03391630999999999
0.03676802000000001
0.03910397
0.04105828000000001
0.04279393000000001
0.04417843000000001
0.045483270000000006
0.04652928000000002
0.047472349999999996
0.048295529999999996
0.049053719999999995
0.049726469999999995
0.05039100999999999
0.050899160000000006
0.05146128999999999
0.05182546
0.05235872000000001
0.052707010000000006
0.05303541000000002
0.05342809000000001
0.05368917000000001
0.05399735000000001
0.05433863000000003
0.05458921
0.05479120999999999
0.05507693
0.05519787
0.05549878999999999
0.055610059999999975
0.05582051
0.05599564
0.05612141000000001
0.0563009
0.056440790000000025
0.056669940000000016
