0.015203200000000004
0.02072895999999999
0.026109719999999993
0.030397360000000023
0.03396411999999999
0.03679072
0.039024039999999996
0.04111224
0.042722559999999986
0.044154160000000026
0.045379039999999995
0.04650336
0.047427480000000015
0.04826016000000001
0.04912436
0.04969867999999999
0.050306320000000036
0.05090731999999999
0.05139595999999999
0.05190584
0.05223423999999999
0.052756000000000004
0.053121639999999984
0.05341028
0.05377052000000002
0.05403816
0.05433635999999999
0.054683400000000014
0.054878079999999975
0.05503072
0.05537328000000003
0.055465919999999995
0.055703720000000005
0.05586327999999999
0.05602639999999998
0.056240600000000016
0.05632047999999999
0.05649723999999998
0.05664339999999998

