0.01524036
0.015915239999999994
0.01661892
0.017200760000000006
0.01766060000000001
0.018202280000000005
0.01860608
0.018866119999999997
0.018939799999999993
0.018589439999999992
0.018141399999999995
0.018001520000000003
0.017969279999999997
0.01796148
0.017986399999999993
0.01805932
0.018194039999999998
0.01827968
0.018419960000000006
0.01849936000000001
0.018634080000000008
0.018771799999999995
0.018991680000000004
0.019078039999999998
0.019263160000000005
0.01940404
0.01958496
0.019759679999999998
0.01993255999999999
0.020104359999999995
0.020240159999999997
0.02037852
0.020542279999999996
0.02073823999999999
0.02093752
