1 12466.225
2 3484.9089999999997
3 1887.0590000000004
4 1198.0555
5 841.2060000000001
6 627.3879999999999
7 489.255
8 395.041
9 326.9959999999999
10 276.0195
11 236.60449999999992
12 205.82250000000005
13 180.40849999999995
14 160.342
15 143.63
16 129.639
17 117.29200000000003
18 107.00050000000002
19 98.02650000000003
20 90.13400000000001
21 83.053
22 77.50500000000001
23 71.67699999999999
24 67.086
25 62.723
26 58.87149999999999
27 55.301
28 52.19250000000001
29 49.057
30 46.63799999999999
31 44.2015
32 42.262
33 39.75749999999999
34 38.103000000000016
35 36.39399999999999
36 34.766999999999996
37 33.067
38 31.75
39 30.278999999999996
40 29.23
41 28.036
42 26.872000000000003
43 25.837
44 24.931500000000003
45 24.0245
46 23.183999999999997
47 22.4285
48 21.655000000000005
49 20.761999999999997
50 20.173999999999996
51 19.625000000000004
52 18.967000000000002
53 18.384500000000003
54 18.088
55 17.376999999999995
56 16.836000000000002
57 16.334999999999997
58 16.046
59 15.394000000000002
60 15.076999999999998
61 14.5715
62 14.276499999999999
63 13.970500000000001
64 13.559499999999996
65 13.148499999999999
66 12.943499999999997
67 12.482
68 12.270500000000002
69 11.898499999999999
70 11.8235
71 11.325999999999999
72 11.1775
73 10.989999999999998
74 10.685000000000002
75 10.4115
76 10.2375
77 9.8465
78 9.671499999999998
79 9.591999999999997
80 9.263499999999999
81 9.2225
82 8.921000000000003
83 8.713999999999999
84 8.657000000000004
85 8.522499999999999
86 8.301499999999999
87 8.256499999999999
88 7.975999999999999
89 7.9205
90 7.761500000000001
91 7.471000000000001
92 7.375
93 7.3045
94 7.1659999999999995
95 6.972999999999999
96 6.932
97 6.758000000000001
98 6.74
99 6.656499999999999
100 6.516000000000001
101 6.303999999999999
102 6.143000000000001
103 6.108
104 6.135999999999999
105 6.0365
106 5.8675
107 5.816
108 5.7335
109 5.6925
110 5.559
111 5.4875
112 5.385000000000001
113 5.347500000000001
114 5.21
115 5.1755
116 5.0625
117 5.0495
118 4.946
119 4.811000000000001
120 4.846
121 4.7355
122 4.558499999999999
123 4.672000000000001
124 4.5795
125 4.5175
126 4.396
127 4.312
128 4.311999999999999
129 4.287
130 4.1695
131 4.112
132 4.046000000000001
133 3.9935
134 3.982999999999999
135 3.8785000000000003
136 3.9165
137 3.8274999999999997
138 3.776500000000001
139 3.6565000000000003
140 3.6975000000000002
141 3.7
142 3.6395000000000004
143 3.586999999999999
144 3.5469999999999997
145 3.4745000000000004
146 3.44
147 3.434
148 3.3340000000000005
149 3.2994999999999997
150 3.286
151 3.185
152 3.1715000000000004
153 3.1405000000000003
154 3.1109999999999998
155 3.178000000000001
156 3.1029999999999998
157 3.0970000000000004
158 3.0155
159 2.9915
160 2.9749999999999996
161 2.9795000000000003
162 2.9020000000000006
163 2.8655
164 2.8165
165 2.7439999999999998
166 2.7834999999999996
167 2.8110000000000004
168 2.6825
169 2.7344999999999997
170 2.6439999999999997
171 2.7109999999999994
172 2.5759999999999996
173 2.607
174 2.5125
175 2.5694999999999997
176 2.502
177 2.445
178 2.4475
179 2.4564999999999997
180 2.4124999999999996
181 2.444
182 2.4050000000000002
183 2.3335
184 2.3694999999999995
185 2.2940000000000005
186 2.291
187 2.2595
188 2.295
189 2.2430000000000008
190 2.197
191 2.1529999999999996
192 2.1399999999999997
193 2.1175000000000006
194 2.1519999999999997
195 2.1410000000000005
196 2.137
197 2.0985
198 2.041
199 2.0345000000000004
200 1.9885000000000002
201 1.9875
202 1.9884999999999997
203 1.9825
204 1.9264999999999997
205 1.9580000000000002
206 1.9169999999999998
207 1.8855
208 1.8765
209 1.866
210 1.8695
211 1.8190000000000002
212 1.8079999999999994
213 1.8425
214 1.8039999999999998
215 1.7875
216 1.7449999999999999
217 1.7599999999999998
218 1.7880000000000007
219 1.7269999999999996
220 1.732
221 1.7395
222 1.6630000000000003
223 1.6864999999999999
224 1.6535000000000004
225 1.6595
226 1.6305000000000003
227 1.6514999999999997
228 1.6154999999999997
229 1.616
230 1.5885000000000002
231 1.5195
232 1.5319999999999998
233 1.5365
234 1.536
235 1.5400000000000005
236 1.5195
237 1.5165000000000002
238 1.4584999999999997
239 1.5345
240 1.4200000000000002
241 1.412
242 1.51
243 1.489
244 1.4095
245 1.3744999999999998
246 1.37
247 1.4405
248 1.3810000000000002
249 1.365
250 1.437
251 1.3639999999999999
252 1.3505
253 1.3270000000000002
254 1.3205
255 1.33
256 1.3285000000000002
257 1.2515
258 1.3065
259 1.3110000000000002
260 1.283
261 1.2289999999999999
262 1.278
263 1.2405
264 1.2705
265 1.2969999999999997
266 1.278
267 1.226
268 1.184
269 1.1909999999999998
270 1.1719999999999997
271 1.187
272 1.211
273 1.1734999999999995
274 1.189
275 1.179
276 1.149
277 1.186
278 1.1515
279 1.1139999999999999
280 1.1270000000000002
281 1.1460000000000001
282 1.0879999999999999
283 1.1074999999999997
284 1.0775000000000001
285 1.1074999999999997
286 1.06
287 1.1115
288 1.0765
289 1.0725
290 1.0535
291 1.0425
292 1.0935
293 1.0465
294 1.0315
295 1.001
296 1.0144999999999997
297 1.0070000000000001
298 1.0090000000000001
299 0.9979999999999999
300 1.0210000000000004
301 0.986
302 1.0044999999999997
303 0.9584999999999999
304 0.9885000000000002
305 0.9640000000000001
306 0.9550000000000001
307 0.9490000000000001
308 0.9139999999999999
309 0.9850000000000001
310 0.9669999999999999
311 0.96
312 0.923
313 0.898
314 0.9249999999999998
315 0.8905
316 0.9480000000000002
317 0.9045
318 0.909
319 0.8934999999999998
320 0.8675
321 0.8710000000000001
322 0.8854999999999998
323 0.8595
324 0.8519999999999998
325 0.8935000000000001
326 0.8874999999999998
327 0.8549999999999999
328 0.8764999999999998
329 0.8540000000000003
330 0.8400000000000001
331 0.8154999999999999
332 0.8234999999999999
333 0.8169999999999998
334 0.8104999999999999
335 0.793
336 0.7979999999999998
337 0.8235000000000001
338 0.8394999999999999
339 0.7789999999999999
340 0.7769999999999999
341 0.8035
342 0.7914999999999999
343 0.8025
344 0.7775000000000001
345 0.8050000000000003
346 0.7415
347 0.7639999999999999
348 0.7735
349 0.7685000000000001
350 0.74
351 0.728
352 0.7405000000000002
353 0.7384999999999999
354 0.7605000000000001
355 0.7444999999999998
356 0.7265000000000001
357 0.7275
358 0.6935
359 0.7185
360 0.7150000000000001
361 0.7000000000000001
362 0.7205
363 0.677
364 0.6845
365 0.709
366 0.6754999999999999
367 0.7015
368 0.696
369 0.7020000000000001
370 0.701
371 0.6655
372 0.641
373 0.675
374 0.673
375 0.6595
376 0.6659999999999998
377 0.6739999999999999
378 0.6624999999999999
379 0.615
380 0.6574999999999999
381 0.6355000000000002
382 0.626
383 0.6569999999999999
384 0.6315000000000002
385 0.6119999999999999
386 0.6215
387 0.6385000000000002
388 0.6170000000000001
389 0.5859999999999999
390 0.6295000000000001
391 0.606
392 0.6150000000000001
393 0.6040000000000002
394 0.603
395 0.622
396 0.6045
397 0.6169999999999999
398 0.5795000000000001
399 0.5914999999999999
400 0.5934999999999999
401 0.5975000000000003
402 0.5549999999999999
403 0.5995
404 0.5704999999999999
405 0.5845000000000001
406 0.5955
407 0.5734999999999999
408 0.569
409 0.5555
410 0.559
411 0.584
412 0.5250000000000001
413 0.5770000000000001
414 0.5599999999999998
415 0.542
416 0.571
417 0.5545
418 0.5629999999999998
419 0.5599999999999999
420 0.5565
421 0.5125
422 0.5254999999999999
423 0.5520000000000002
424 0.5395000000000001
425 0.55
426 0.5130000000000001
427 0.5005000000000001
428 0.514
429 0.5085
430 0.5205
431 0.505
432 0.49399999999999994
433 0.52
434 0.487
435 0.493
436 0.5049999999999999
437 0.5085000000000001
438 0.46900000000000003
439 0.5030000000000001
440 0.4990000000000001
441 0.4825000000000001
442 0.49350000000000005
443 0.48550000000000004
444 0.4365000000000001
445 0.457
446 0.4800000000000001
447 0.47050000000000003
448 0.4795
449 0.4585
450 0.4595000000000001
451 0.4655
452 0.47750000000000004
453 0.4765
454 0.48550000000000004
455 0.45150000000000007
456 0.4630000000000001
457 0.45550000000000007
458 0.45699999999999996
459 0.4505
460 0.4295000000000001
461 0.454
462 0.4600000000000001
463 0.4565
464 0.47650000000000003
465 0.438
466 0.43900000000000006
467 0.4379999999999999
468 0.44300000000000006
469 0.45549999999999996
470 0.39249999999999996
471 0.438
472 0.44300000000000017
473 0.41850000000000004
474 0.45200000000000007
475 0.41550000000000004
476 0.39849999999999997
477 0.42300000000000004
478 0.4125
479 0.4375
480 0.43500000000000005
481 0.4325
482 0.41500000000000004
483 0.398
484 0.4175
485 0.4135
486 0.386
487 0.41799999999999987
488 0.3915
489 0.3870000000000001
490 0.3990000000000001
491 0.39799999999999996
492 0.4225
493 0.394
494 0.38099999999999995
495 0.4069999999999999
496 0.41050000000000003
497 0.4115000000000001
498 0.402
499 0.4025
500 0.38299999999999995
501 0.3635
502 0.35450000000000004
503 0.3895
504 0.384
505 0.36649999999999994
506 0.39900000000000013
507 0.3635
508 0.37900000000000006
509 0.378
510 0.364
511 0.3485
512 0.36700000000000005
513 0.37649999999999995
514 0.388
515 0.3525
516 0.396
517 0.3525
518 0.33299999999999996
519 0.37950000000000006
520 0.3645
521 0.333
522 0.3535
523 0.3645
524 0.3344999999999999
525 0.3504999999999999
526 0.335
527 0.32199999999999995
528 0.329
529 0.32149999999999995
530 0.33199999999999996
531 0.351
532 0.36449999999999994
533 0.33649999999999997
534 0.3345
535 0.3215
536 0.3384999999999999
537 0.32999999999999996
538 0.333
539 0.3215
540 0.33249999999999996
541 0.3504999999999999
542 0.3395
543 0.305
544 0.31399999999999995
545 0.311
546 0.31850000000000006
547 0.3125
548 0.3095
549 0.30849999999999994
550 0.317
551 0.31399999999999995
552 0.33
553 0.3395
554 0.30599999999999994
555 0.3075
556 0.31699999999999995
557 0.3450000000000001
558 0.3225
559 0.32050000000000006
560 0.29
561 0.28450000000000003
562 0.30100000000000005
563 0.2965
564 0.29400000000000004
565 0.3234999999999999
566 0.28200000000000003
567 0.28600000000000003
568 0.2965
569 0.3085
570 0.301
571 0.3185
572 0.28800000000000003
573 0.27549999999999997
574 0.30150000000000005
575 0.305
576 0.2915
577 0.288
578 0.2740000000000001
579 0.29600000000000004
580 0.28450000000000003
581 0.3075000000000001
582 0.28
583 0.269
584 0.29300000000000004
585 0.273
586 0.28450000000000003
587 0.28450000000000003
588 0.25599999999999995
589 0.2745000000000001
590 0.27449999999999997
591 0.27
592 0.274
593 0.28500000000000003
594 0.271
595 0.264
596 0.2915
597 0.2904999999999999
598 0.26
599 0.2585
600 0.26349999999999996
601 0.258
602 0.2765
603 0.2745
604 0.23650000000000002
605 0.25
606 0.25300000000000006
607 0.2415
608 0.25349999999999995
609 0.23450000000000001
610 0.26
611 0.251
612 0.25100000000000006
613 0.2375
614 0.2565
615 0.24300000000000005
616 0.25750000000000006
617 0.24699999999999997
618 0.27099999999999996
619 0.2555
620 0.24899999999999997
621 0.27
622 0.24000000000000007
623 0.257
624 0.24149999999999996
625 0.23900000000000002
626 0.23450000000000001
627 0.25600000000000006
628 0.24300000000000005
629 0.25200000000000006
630 0.259
631 0.23949999999999996
632 0.21350000000000002
633 0.24300000000000005
634 0.24249999999999994
635 0.24800000000000005
636 0.22100000000000003
637 0.2715000000000001
638 0.21400000000000002
639 0.23000000000000004
640 0.2245
641 0.21949999999999997
642 0.24100000000000002
643 0.2325
644 0.22900000000000004
645 0.23350000000000004
646 0.22899999999999995
647 0.21950000000000003
648 0.21400000000000002
649 0.215
650 0.22400000000000003
651 0.23000000000000007
652 0.2165
653 0.21700000000000003
654 0.20150000000000007
655 0.24499999999999997
656 0.21550000000000002
657 0.21100000000000002
658 0.22450000000000006
659 0.20400000000000001
660 0.21149999999999997
661 0.20750000000000002
662 0.21600000000000005
663 0.2325
664 0.21800000000000005
665 0.23450000000000001
666 0.209
667 0.20050000000000004
668 0.211
669 0.2145
670 0.22800000000000004
671 0.2145
672 0.201
673 0.21550000000000002
674 0.20299999999999999
675 0.19749999999999998
676 0.207
677 0.21399999999999997
678 0.198
679 0.211
680 0.22349999999999995
681 0.21750000000000003
682 0.1855
683 0.20299999999999999
684 0.211
685 0.196
686 0.20250000000000004
687 0.19450000000000003
688 0.203
689 0.203
690 0.2015
691 0.1915
692 0.195
693 0.19250000000000003
694 0.189
695 0.18550000000000003
696 0.1925
697 0.193
698 0.18800000000000003
699 0.18150000000000005
700 0.197
701 0.203
702 0.19150000000000003
703 0.1845
704 0.209
705 0.19
706 0.1815
707 0.17650000000000002
708 0.18150000000000002
709 0.18100000000000002
710 0.188
711 0.18700000000000003
712 0.1835
713 0.1885
714 0.18000000000000002
715 0.16949999999999998
716 0.178
717 0.178
718 0.16149999999999998
719 0.175
720 0.19250000000000003
721 0.17149999999999999
722 0.1825
723 0.15800000000000003
724 0.15749999999999997
725 0.168
726 0.17750000000000002
727 0.17650000000000002
728 0.179
729 0.171
730 0.16999999999999998
731 0.175
732 0.18500000000000003
733 0.166
734 0.17650000000000002
735 0.1615
736 0.1695
737 0.1965
738 0.16449999999999998
739 0.177
740 0.17400000000000002
741 0.1725
742 0.17049999999999998
743 0.17850000000000005
744 0.17950000000000002
745 0.16799999999999998
746 0.16149999999999998
747 0.16399999999999998
748 0.16899999999999998
749 0.171
750 0.157
751 0.15899999999999997
752 0.15950000000000003
753 0.15550000000000003
754 0.15250000000000002
755 0.14500000000000002
756 0.153
757 0.15650000000000003
758 0.15950000000000003
759 0.1705
760 0.17300000000000001
761 0.152
762 0.159
763 0.176
764 0.15499999999999997
765 0.179
766 0.16549999999999998
767 0.171
768 0.15350000000000003
769 0.1665
770 0.16399999999999998
771 0.15950000000000003
772 0.1555
773 0.15450000000000003
774 0.15100000000000002
775 0.13349999999999998
776 0.16050000000000003
777 0.149
778 0.16949999999999998
779 0.1365
780 0.1495
781 0.15050000000000002
782 0.14899999999999997
783 0.14550000000000002
784 0.15499999999999997
785 0.14650000000000002
786 0.148
787 0.14150000000000001
788 0.148
789 0.1385
790 0.15350000000000003
791 0.15100000000000002
792 0.149
793 0.1545
794 0.14250000000000002
795 0.13299999999999998
796 0.1555
797 0.15200000000000002
798 0.1455
799 0.156
800 0.1385
801 0.1375
802 0.14799999999999996
803 0.13099999999999998
804 0.14
805 0.15150000000000002
806 0.1375
807 0.1375
808 0.1335
809 0.14100000000000001
810 0.13799999999999998
811 0.15099999999999997
812 0.13749999999999998
813 0.1355
814 0.1375
815 0.14150000000000001
816 0.12000000000000002
817 0.1375
818 0.13199999999999998
819 0.14450000000000002
820 0.12449999999999997
821 0.1515
822 0.12600000000000003
823 0.12800000000000003
824 0.14
825 0.13399999999999998
826 0.11450000000000002
827 0.1305
828 0.122
829 0.1295
830 0.13600000000000004
831 0.13400000000000004
832 0.132
833 0.13200000000000003
834 0.13599999999999998
835 0.11850000000000002
836 0.141
837 0.11949999999999998
838 0.12199999999999997
839 0.121
840 0.12800000000000003
841 0.1375
842 0.12350000000000001
843 0.123
844 0.1305
845 0.13299999999999998
846 0.13
847 0.128
848 0.127
849 0.129
850 0.1105
851 0.129
852 0.134
853 0.123
854 0.12200000000000003
855 0.12750000000000003
856 0.12450000000000001
857 0.11250000000000002
858 0.121
859 0.12450000000000001
860 0.11849999999999998
861 0.11599999999999999
862 0.11450000000000002
863 0.12900000000000003
864 0.135
865 0.12849999999999998
866 0.10600000000000002
867 0.11050000000000001
868 0.10500000000000002
869 0.128
870 0.12250000000000001
871 0.11350000000000002
872 0.11049999999999997
873 0.11099999999999999
874 0.11100000000000003
875 0.11800000000000002
876 0.11699999999999999
877 0.11600000000000002
878 0.10650000000000001
879 0.11800000000000002
880 0.11250000000000004
881 0.12399999999999996
882 0.10300000000000001
883 0.10700000000000001
884 0.123
885 0.11850000000000002
886 0.11400000000000002
887 0.10900000000000003
888 0.11450000000000002
889 0.12699999999999997
890 0.10850000000000004
891 0.11399999999999999
892 0.11550000000000002
893 0.10450000000000001
894 0.1065
895 0.12000000000000002
896 0.10899999999999999
897 0.125
898 0.1055
899 0.11499999999999999
900 0.1005
901 0.11200000000000003
902 0.1265
903 0.09400000000000001
904 0.101
905 0.10250000000000004
906 0.10500000000000001
907 0.12050000000000002
908 0.09650000000000003
909 0.10400000000000002
910 0.11300000000000002
911 0.10200000000000002
912 0.1125
913 0.10000000000000002
914 0.09450000000000004
915 0.11399999999999999
916 0.10800000000000001
917 0.09800000000000002
918 0.10949999999999997
919 0.10600000000000002
920 0.10850000000000001
921 0.11150000000000002
922 0.10300000000000002
923 0.09450000000000001
924 0.0955
925 0.10350000000000004
926 0.10799999999999998
927 0.11000000000000003
928 0.09650000000000004
929 0.09650000000000002
930 0.10400000000000001
931 0.11000000000000001
932 0.09400000000000004
933 0.1165
934 0.10100000000000002
935 0.10000000000000002
936 0.10100000000000002
937 0.10050000000000003
938 0.08650000000000004
939 0.09700000000000003
940 0.09000000000000002
941 0.09350000000000003
942 0.09450000000000001
943 0.1
944 0.10200000000000002
945 0.10200000000000001
946 0.09700000000000003
947 0.086
948 0.0945
949 0.08750000000000004
950 0.09850000000000003
951 0.09700000000000003
952 0.10500000000000002
953 0.09600000000000003
954 0.0915
955 0.09200000000000004
956 0.09900000000000002
957 0.08900000000000004
958 0.09300000000000001
959 0.08800000000000002
960 0.09350000000000003
961 0.099
962 0.08500000000000003
963 0.08250000000000002
964 0.0885
965 0.09900000000000003
966 0.09900000000000003
967 0.10750000000000001
968 0.09150000000000003
969 0.10750000000000001
970 0.09350000000000001
971 0.10650000000000004
972 0.0965
973 0.08300000000000003
974 0.09050000000000002
975 0.08600000000000001
976 0.09300000000000003
977 0.10200000000000002
978 0.08400000000000002
979 0.08000000000000004
980 0.09100000000000004
981 0.09600000000000003
982 0.08750000000000002
983 0.09400000000000001
984 0.09750000000000002
985 0.08900000000000004
986 0.07950000000000003
987 0.08550000000000002
988 0.08650000000000004
989 0.08800000000000001
990 0.08800000000000004
991 0.08750000000000002
992 0.07250000000000002
993 0.09350000000000003
994 0.07900000000000001
995 0.08050000000000003
996 0.0855
997 0.07950000000000003
998 0.10350000000000001
999 0.08400000000000005
1000 0.0845
1001 0.07600000000000003
1002 0.08450000000000002
1003 0.08600000000000001
1004 0.08350000000000005
1005 0.07300000000000002
1006 0.07000000000000002
1007 0.08500000000000003
1008 0.07950000000000003
1009 0.07200000000000001
1010 0.08449999999999999
1011 0.08000000000000004
1012 0.07350000000000002
1013 0.08150000000000003
1014 0.08400000000000002
1015 0.08350000000000002
1016 0.08500000000000003
1017 0.07200000000000001
1018 0.082
1019 0.082
1020 0.07600000000000004
1021 0.07500000000000002
1022 0.07850000000000003
1023 0.08100000000000002
1024 0.07200000000000002
1025 0.07200000000000002
1026 0.08700000000000001
1027 0.08150000000000002
1028 0.08100000000000003
1029 0.07900000000000003
1030 0.07900000000000001
1031 0.07650000000000004
1032 0.08000000000000003
1033 0.08850000000000004
1034 0.07750000000000004
1035 0.08350000000000002
1036 0.08000000000000004
1037 0.08350000000000002
1038 0.06750000000000002
1039 0.07900000000000001
1040 0.08200000000000003
1041 0.078
1042 0.07150000000000004
1043 0.07300000000000002
1044 0.07550000000000004
1045 0.06900000000000002
1046 0.07600000000000003
1047 0.07400000000000001
1048 0.07150000000000002
1049 0.0815
1050 0.07000000000000002
1051 0.06350000000000003
1052 0.07500000000000001
1053 0.07700000000000003
1054 0.07400000000000002
1055 0.06750000000000003
1056 0.07600000000000003
1057 0.06150000000000002
1058 0.06200000000000002
1059 0.06700000000000003
1060 0.06800000000000002
1061 0.06550000000000002
1062 0.07850000000000003
1063 0.07700000000000001
1064 0.07849999999999999
1065 0.06450000000000002
1066 0.06750000000000002
1067 0.07850000000000001
1068 0.06850000000000002
1069 0.0785
1070 0.07600000000000003
1071 0.06600000000000003
1072 0.06700000000000002
1073 0.07550000000000003
1074 0.06950000000000002
1075 0.07450000000000002
1076 0.06950000000000002
1077 0.06250000000000001
1078 0.06750000000000003
1079 0.07300000000000001
1080 0.07000000000000003
1081 0.07350000000000004
1082 0.07400000000000002
1083 0.06850000000000002
1084 0.07750000000000003
1085 0.0635
1086 0.06300000000000001
1087 0.07100000000000002
1088 0.07100000000000002
1089 0.07000000000000003
1090 0.06600000000000002
1091 0.06200000000000002
1092 0.06750000000000002
1093 0.06200000000000001
1094 0.06750000000000002
1095 0.06600000000000002
1096 0.06600000000000002
1097 0.07500000000000004
1098 0.06200000000000002
1099 0.07200000000000002
1100 0.05299999999999999
1101 0.05850000000000003
1102 0.07350000000000001
1103 0.07100000000000001
1104 0.06700000000000002
1105 0.07250000000000002
1106 0.05850000000000001
1107 0.05950000000000001
1108 0.06400000000000002
1109 0.05450000000000001
1110 0.06900000000000002
1111 0.06950000000000003
1112 0.06150000000000002
1113 0.06150000000000002
1114 0.06200000000000002
1115 0.057500000000000016
1116 0.06100000000000003
1117 0.05800000000000001
1118 0.07550000000000001
1119 0.07050000000000002
1120 0.07000000000000003
1121 0.06800000000000003
1122 0.06000000000000001
1123 0.06450000000000003
1124 0.06550000000000003
1125 0.06450000000000002
1126 0.055000000000000014
1127 0.049500000000000016
1128 0.06050000000000001
1129 0.05450000000000001
1130 0.05550000000000003
1131 0.06150000000000002
1132 0.06350000000000001
1133 0.06350000000000001
1134 0.064
1135 0.069
1136 0.06700000000000002
1137 0.07150000000000002
1138 0.06300000000000003
1139 0.062
1140 0.06450000000000002
1141 0.0635
1142 0.05650000000000001
1143 0.06350000000000001
1144 0.053000000000000005
1145 0.05750000000000001
1146 0.05550000000000001
1147 0.05400000000000001
1148 0.05600000000000001
1149 0.053500000000000006
1150 0.05900000000000002
1151 0.06300000000000003
1152 0.06050000000000002
1153 0.056500000000000015
1154 0.05950000000000001
1155 0.05950000000000002
1156 0.05350000000000001
1157 0.06550000000000003
1158 0.05300000000000001
1159 0.065
1160 0.05650000000000001
1161 0.05050000000000001
1162 0.057500000000000016
1163 0.07000000000000002
1164 0.06550000000000003
1165 0.06250000000000003
1166 0.06350000000000001
1167 0.05400000000000003
1168 0.06100000000000001
1169 0.06550000000000003
1170 0.051500000000000004
1171 0.052500000000000005
1172 0.044500000000000005
1173 0.06500000000000002
1174 0.06000000000000002
1175 0.052500000000000026
1176 0.05350000000000001
1177 0.05000000000000001
1178 0.057500000000000016
1179 0.05850000000000002
1180 0.06200000000000002
1181 0.06150000000000001
1182 0.06100000000000001
1183 0.05350000000000003
1184 0.05900000000000002
1185 0.04700000000000001
1186 0.05700000000000001
1187 0.055000000000000014
1188 0.05150000000000001
1189 0.055500000000000015
1190 0.05950000000000002
1191 0.047
1192 0.05700000000000001
1193 0.05900000000000002
1194 0.04850000000000001
1195 0.051500000000000004
1196 0.043
1197 0.052500000000000026
1198 0.057999999999999996
1199 0.04850000000000002
1200 0.05700000000000001
1201 0.055000000000000014
1202 0.05400000000000001
1203 0.0505
1204 0.046000000000000006
1205 0.054000000000000006
1206 0.050500000000000024
1207 0.055500000000000015
1208 0.054500000000000014
1209 0.05850000000000001
1210 0.050000000000000024
1211 0.05500000000000003
1212 0.051500000000000025
1213 0.054500000000000014
1214 0.05450000000000001
1215 0.04950000000000001
1216 0.056500000000000015
1217 0.05600000000000001
1218 0.05800000000000002
1219 0.056500000000000015
1220 0.054000000000000006
1221 0.0445
1222 0.054000000000000006
1223 0.04950000000000001
1224 0.049000000000000016
1225 0.04650000000000001
1226 0.055000000000000014
1227 0.052000000000000005
1228 0.05450000000000001
1229 0.05000000000000001
1230 0.046
1231 0.05050000000000001
1232 0.05350000000000001
1233 0.045500000000000006
1234 0.04900000000000001
1235 0.04850000000000001
1236 0.06200000000000002
1237 0.04650000000000002
1238 0.05850000000000002
1239 0.03550000000000001
1240 0.05450000000000001
1241 0.05300000000000001
1242 0.045500000000000006
1243 0.046000000000000006
1244 0.05600000000000003
1245 0.04500000000000001
1246 0.0485
1247 0.05100000000000001
1248 0.045500000000000006
1249 0.04150000000000001
1250 0.047000000000000014
1251 0.044
1252 0.04950000000000001
1253 0.042000000000000016
1254 0.0385
1255 0.043000000000000003
1256 0.05500000000000001
1257 0.04250000000000002
1258 0.0405
1259 0.04350000000000001
1260 0.05350000000000001
1261 0.04600000000000002
1262 0.05100000000000001
1263 0.046500000000000014
1264 0.047500000000000014
1265 0.05300000000000001
1266 0.04700000000000002
1267 0.0425
1268 0.045000000000000005
1269 0.04300000000000002
1270 0.04400000000000002
1271 0.043000000000000003
1272 0.0425
1273 0.04350000000000001
1274 0.047
1275 0.03600000000000001
1276 0.044500000000000005
1277 0.040500000000000015
1278 0.03550000000000001
1279 0.04400000000000002
1280 0.037
1281 0.05100000000000001
1282 0.05150000000000001
1283 0.046500000000000014
1284 0.03700000000000001
1285 0.0375
1286 0.04400000000000002
1287 0.04600000000000002
1288 0.03700000000000001
1289 0.041000000000000016
1290 0.0415
1291 0.041000000000000016
1292 0.04500000000000002
1293 0.043500000000000004
1294 0.035500000000000004
1295 0.03300000000000001
1296 0.040000000000000015
1297 0.04050000000000001
1298 0.03550000000000001
1299 0.0385
1300 0.03900000000000001
1301 0.03950000000000001
1302 0.03850000000000001
1303 0.040000000000000015
1304 0.040500000000000015
1305 0.048
1306 0.03250000000000001
1307 0.04350000000000001
1308 0.04700000000000001
1309 0.03500000000000001
1310 0.041500000000000016
1311 0.041500000000000016
1312 0.039000000000000014
1313 0.04000000000000001
1314 0.03600000000000001
1315 0.04250000000000001
1316 0.03350000000000001
1317 0.03300000000000001
1318 0.0315
1319 0.038000000000000006
1320 0.04250000000000002
1321 0.03800000000000001
1322 0.03650000000000001
1323 0.03750000000000001
1324 0.042
1325 0.043000000000000003
1326 0.04150000000000001
1327 0.040000000000000015
1328 0.046000000000000006
1329 0.042000000000000016
1330 0.03850000000000001
1331 0.03600000000000001
1332 0.03200000000000001
1333 0.035
1334 0.041500000000000016
1335 0.040000000000000015
1336 0.031000000000000007
1337 0.04600000000000001
1338 0.03350000000000001
1339 0.0405
1340 0.03600000000000001
1341 0.051500000000000025
1342 0.029500000000000005
1343 0.03800000000000001
1344 0.031000000000000007
1345 0.04500000000000001
1346 0.03600000000000001
1347 0.036500000000000005
1348 0.034000000000000016
1349 0.040500000000000015
1350 0.03500000000000001
1351 0.03700000000000002
1352 0.03950000000000001
1353 0.03800000000000001
1354 0.033999999999999996
1355 0.039500000000000014
1356 0.03450000000000001
1357 0.03650000000000001
1358 0.04250000000000002
1359 0.03400000000000001
1360 0.033000000000000015
1361 0.03700000000000001
1362 0.040000000000000015
1363 0.03150000000000001
1364 0.04100000000000001
1365 0.031500000000000014
1366 0.03700000000000001
1367 0.03700000000000001
1368 0.026500000000000003
1369 0.03650000000000001
1370 0.029000000000000005
1371 0.030000000000000006
1372 0.041500000000000016
1373 0.0385
1374 0.03550000000000001
1375 0.03850000000000001
1376 0.039000000000000014
1377 0.044500000000000005
1378 0.034
1379 0.04100000000000001
1380 0.027500000000000014
1381 0.03800000000000001
1382 0.037000000000000005
1383 0.03700000000000001
1384 0.03600000000000001
1385 0.03750000000000001
1386 0.033499999999999995
1387 0.032500000000000015
1388 0.039500000000000014
1389 0.046500000000000014
1390 0.03450000000000001
1391 0.03550000000000002
1392 0.03500000000000001
1393 0.03149999999999999
1394 0.025500000000000002
1395 0.04200000000000001
1396 0.031000000000000007
1397 0.03750000000000001
1398 0.041500000000000016
1399 0.026500000000000003
1400 0.041500000000000016
1401 0.03650000000000001
1402 0.03200000000000001
1403 0.036000000000000004
1404 0.02900000000000001
1405 0.041000000000000016
1406 0.03450000000000001
1407 0.0295
1408 0.028500000000000004
1409 0.033999999999999996
1410 0.040500000000000015
1411 0.03550000000000001
1412 0.03350000000000001
1413 0.03900000000000001
1414 0.03150000000000001
1415 0.04000000000000001
1416 0.03200000000000001
1417 0.03050000000000001
1418 0.0295
1419 0.038
1420 0.03050000000000001
1421 0.029500000000000005
1422 0.029000000000000005
1423 0.038000000000000006
1424 0.03200000000000001
1425 0.032500000000000015
1426 0.03450000000000002
1427 0.03300000000000001
1428 0.03250000000000001
1429 0.029000000000000005
1430 0.03900000000000001
1431 0.024500000000000008
1432 0.03500000000000002
1433 0.03000000000000001
1434 0.028000000000000004
1435 0.03250000000000001
1436 0.027500000000000004
1437 0.027500000000000004
1438 0.027500000000000004
1439 0.037000000000000005
1440 0.027500000000000004
1441 0.027500000000000007
1442 0.03200000000000001
1443 0.03550000000000001
1444 0.025999999999999995
1445 0.04050000000000001
1446 0.030000000000000006
1447 0.029500000000000005
1448 0.026500000000000003
1449 0.030000000000000006
1450 0.03700000000000001
1451 0.0325
1452 0.02950000000000001
1453 0.030000000000000006
1454 0.028500000000000004
1455 0.028000000000000004
1456 0.03100000000000001
1457 0.03350000000000001
1458 0.03
1459 0.026000000000000002
1460 0.023500000000000004
1461 0.025500000000000002
1462 0.0245
1463 0.025
1464 0.028000000000000008
1465 0.026500000000000013
1466 0.03600000000000001
1467 0.031000000000000007
1468 0.031000000000000007
1469 0.031500000000000014
1470 0.026000000000000002
1471 0.030500000000000006
1472 0.029000000000000005
1473 0.0235
1474 0.032
1475 0.030500000000000006
1476 0.025
1477 0.027999999999999997
1478 0.03650000000000001
1479 0.03250000000000001
1480 0.027000000000000003
1481 0.022000000000000006
1482 0.025999999999999995
1483 0.03150000000000001
1484 0.03100000000000001
1485 0.028500000000000004
1486 0.023500000000000004
1487 0.02200000000000001
1488 0.03650000000000001
1489 0.031
1490 0.022000000000000006
1491 0.024000000000000004
1492 0.019500000000000003
1493 0.027000000000000007
1494 0.0225
1495 0.03600000000000001
1496 0.02950000000000001
1497 0.02900000000000001
1498 0.02400000000000001
1499 0.027000000000000003
1500 0.025500000000000002
1501 0.020499999999999997
1502 0.029500000000000005
1503 0.03150000000000001
1504 0.035
1505 0.0325
1506 0.025500000000000002
1507 0.027000000000000007
1508 0.027500000000000004
1509 0.026500000000000006
1510 0.03100000000000001
1511 0.03500000000000001
1512 0.03050000000000001
1513 0.027000000000000003
1514 0.024
1515 0.029500000000000005
1516 0.028000000000000004
1517 0.03150000000000001
1518 0.03150000000000001
1519 0.029000000000000005
1520 0.026500000000000003
1521 0.0245
1522 0.029000000000000005
1523 0.03200000000000001
1524 0.032
1525 0.026000000000000006
1526 0.02
1527 0.028000000000000004
1528 0.024000000000000004
1529 0.028500000000000008
1530 0.024
1531 0.031000000000000007
1532 0.027000000000000014
1533 0.028500000000000004
1534 0.027500000000000007
1535 0.028000000000000004
1536 0.026500000000000003
1537 0.025
1538 0.023000000000000003
1539 0.030000000000000006
1540 0.026000000000000002
1541 0.028500000000000004
1542 0.0235
1543 0.028500000000000004
1544 0.02300000000000001
1545 0.0235
1546 0.02900000000000001
1547 0.0205
1548 0.024
1549 0.026499999999999996
1550 0.025500000000000005
1551 0.022500000000000003
1552 0.02899999999999999
1553 0.020000000000000004
1554 0.020500000000000008
1555 0.027000000000000003
1556 0.022000000000000006
1557 0.023
1558 0.026500000000000003
1559 0.024500000000000004
1560 0.025
1561 0.025
1562 0.028500000000000004
1563 0.025499999999999995
1564 0.025
1565 0.015999999999999997
1566 0.027500000000000004
1567 0.021500000000000002
1568 0.026500000000000003
1569 0.023500000000000007
1570 0.0195
1571 0.0235
1572 0.027500000000000004
1573 0.03050000000000001
1574 0.03250000000000001
1575 0.023500000000000004
1576 0.026000000000000002
1577 0.022000000000000002
1578 0.023000000000000003
1579 0.019000000000000006
1580 0.0205
1581 0.025500000000000005
1582 0.028000000000000004
1583 0.02150000000000001
1584 0.019000000000000003
1585 0.023000000000000003
1586 0.0215
1587 0.027000000000000003
1588 0.020000000000000007
1589 0.024
1590 0.019500000000000003
1591 0.0195
1592 0.024500000000000004
1593 0.020000000000000004
1594 0.026500000000000006
1595 0.023000000000000007
1596 0.025500000000000005
1597 0.018000000000000002
1598 0.022000000000000002
1599 0.026000000000000006
1600 0.027500000000000004
1601 0.025500000000000002
1602 0.022
1603 0.028000000000000004
1604 0.025500000000000005
1605 0.019000000000000003
1606 0.025499999999999995
1607 0.0205
1608 0.02350000000000001
1609 0.026000000000000013
1610 0.025500000000000002
1611 0.029500000000000005
1612 0.0205
1613 0.0215
1614 0.017000000000000005
1615 0.020000000000000004
1616 0.019500000000000003
1617 0.016999999999999998
1618 0.017000000000000005
1619 0.02
1620 0.0205
1621 0.020500000000000008
1622 0.022
1623 0.019000000000000003
1624 0.027000000000000003
1625 0.025000000000000005
1626 0.017
1627 0.0185
1628 0.02400000000000001
1629 0.023000000000000003
1630 0.023
1631 0.027500000000000014
1632 0.023000000000000007
1633 0.020000000000000004
1634 0.023000000000000007
1635 0.022500000000000003
1636 0.025500000000000005
1637 0.020500000000000008
1638 0.016000000000000004
1639 0.016
1640 0.017000000000000005
1641 0.0215
1642 0.020999999999999998
1643 0.023500000000000004
1644 0.02200000000000001
1645 0.027000000000000007
1646 0.021000000000000005
1647 0.024
1648 0.021000000000000008
1649 0.018500000000000003
1650 0.026000000000000002
1651 0.026500000000000006
1652 0.023500000000000004
1653 0.019500000000000003
1654 0.014500000000000002
1655 0.019500000000000007
1656 0.019
1657 0.022500000000000003
1658 0.019000000000000006
1659 0.0215
1660 0.019000000000000003
1661 0.018500000000000003
1662 0.02
1663 0.022000000000000002
1664 0.0185
1665 0.021
1666 0.021
1667 0.022
1668 0.0185
1669 0.019000000000000006
1670 0.017
1671 0.018500000000000006
1672 0.019999999999999997
1673 0.017
1674 0.021000000000000008
1675 0.018000000000000002
1676 0.0165
1677 0.015500000000000003
1678 0.017000000000000005
1679 0.017499999999999998
1680 0.016500000000000004
1681 0.024000000000000004
1682 0.020000000000000007
1683 0.016500000000000004
1684 0.019500000000000007
1685 0.021
1686 0.020000000000000004
1687 0.02
1688 0.019999999999999997
1689 0.015500000000000003
1690 0.019500000000000007
1691 0.018499999999999996
1692 0.019500000000000007
1693 0.016999999999999998
1694 0.0195
1695 0.017000000000000005
1696 0.021500000000000002
1697 0.022500000000000003
1698 0.022500000000000006
1699 0.022000000000000002
1700 0.018500000000000003
1701 0.019500000000000007
1702 0.014000000000000002
1703 0.0205
1704 0.015500000000000003
1705 0.018
1706 0.014499999999999996
1707 0.020500000000000004
1708 0.015500000000000003
1709 0.018000000000000006
1710 0.019500000000000003
1711 0.0175
1712 0.017000000000000005
1713 0.018000000000000006
1714 0.021
1715 0.019500000000000007
1716 0.018000000000000006
1717 0.0225
1718 0.021000000000000008
1719 0.021000000000000005
1720 0.015500000000000003
1721 0.020000000000000004
1722 0.022500000000000003
1723 0.016000000000000004
1724 0.024
1725 0.019500000000000003
1726 0.014000000000000002
1727 0.013500000000000002
1728 0.013000000000000001
1729 0.022000000000000002
1730 0.01950000000000001
1731 0.020500000000000004
1732 0.018500000000000003
1733 0.022000000000000002
1734 0.018
1735 0.02150000000000001
1736 0.015000000000000003
1737 0.018500000000000003
1738 0.017000000000000005
1739 0.020000000000000004
1740 0.0185
1741 0.0165
1742 0.013500000000000002
1743 0.015000000000000003
1744 0.018000000000000002
1745 0.015500000000000003
1746 0.016000000000000004
1747 0.014500000000000002
1748 0.016
1749 0.016999999999999998
1750 0.016000000000000004
1751 0.0175
1752 0.013500000000000003
1753 0.014000000000000002
1754 0.014499999999999999
1755 0.017
1756 0.013500000000000002
1757 0.019500000000000007
1758 0.017
1759 0.017500000000000005
1760 0.015500000000000003
1761 0.017499999999999998
1762 0.015500000000000003
1763 0.016000000000000004
1764 0.016000000000000004
1765 0.017
1766 0.014500000000000002
1767 0.022500000000000003
1768 0.017000000000000005
1769 0.021
1770 0.012
1771 0.015999999999999997
1772 0.016000000000000004
1773 0.013000000000000001
1774 0.019
1775 0.017
1776 0.0185
1777 0.015999999999999997
1778 0.016500000000000004
1779 0.015000000000000003
1780 0.0155
1781 0.013000000000000001
1782 0.015500000000000003
1783 0.013000000000000001
1784 0.0105
1785 0.014000000000000002
1786 0.015000000000000003
1787 0.0125
1788 0.017500000000000005
1789 0.013500000000000002
1790 0.017000000000000005
1791 0.019000000000000003
1792 0.015500000000000003
1793 0.014000000000000004
1794 0.017500000000000005
1795 0.02
1796 0.013500000000000002
1797 0.015
1798 0.014500000000000002
1799 0.016500000000000004
1800 0.016000000000000004
1801 0.016000000000000004
1802 0.010500000000000002
1803 0.0115
1804 0.016499999999999997
1805 0.0165
1806 0.013000000000000001
1807 0.014500000000000002
1808 0.013500000000000002
1809 0.015499999999999996
1810 0.016000000000000004
1811 0.017000000000000005
1812 0.016000000000000004
1813 0.0125
1814 0.0175
1815 0.018500000000000006
1816 0.015
1817 0.013999999999999999
1818 0.013500000000000002
1819 0.017000000000000005
1820 0.013500000000000002
1821 0.015000000000000003
1822 0.0105
1823 0.018
1824 0.017
1825 0.015000000000000003
1826 0.018000000000000006
1827 0.0125
1828 0.019000000000000003
1829 0.013000000000000001
1830 0.012499999999999999
1831 0.0115
1832 0.019000000000000003
1833 0.019000000000000003
1834 0.015500000000000003
1835 0.015500000000000003
1836 0.012
1837 0.0085
1838 0.018000000000000006
1839 0.015500000000000003
1840 0.016000000000000004
1841 0.0125
1842 0.015
1843 0.014500000000000002
1844 0.0205
1845 0.0105
1846 0.0195
1847 0.014000000000000002
1848 0.014499999999999999
1849 0.009500000000000001
1850 0.0095
1851 0.013500000000000002
1852 0.017000000000000005
1853 0.015500000000000003
1854 0.016000000000000004
1855 0.015000000000000003
1856 0.014000000000000002
1857 0.0115
1858 0.0125
1859 0.017500000000000005
1860 0.012499999999999999
1861 0.017000000000000005
1862 0.014500000000000002
1863 0.016000000000000004
1864 0.013000000000000003
1865 0.010499999999999999
1866 0.0125
1867 0.012
1868 0.0095
1869 0.013500000000000002
1870 0.019
1871 0.0045000000000000005
1872 0.0175
1873 0.014500000000000002
1874 0.014000000000000002
1875 0.0125
1876 0.009499999999999998
1877 0.012
1878 0.012
1879 0.014000000000000002
1880 0.014000000000000002
1881 0.007499999999999998
1882 0.013500000000000002
1883 0.014000000000000002
1884 0.011500000000000002
1885 0.016000000000000004
1886 0.014500000000000002
1887 0.013500000000000002
1888 0.013499999999999998
1889 0.012999999999999998
1890 0.0115
1891 0.016
1892 0.014499999999999999
1893 0.0125
1894 0.010499999999999999
1895 0.014000000000000002
1896 0.011500000000000002
1897 0.012499999999999999
1898 0.0115
1899 0.014500000000000002
1900 0.0115
1901 0.013000000000000001
1902 0.012
1903 0.015500000000000003
1904 0.015500000000000003
1905 0.0115
1906 0.016000000000000004
1907 0.011
1908 0.011999999999999999
1909 0.012
1910 0.012
1911 0.0095
1912 0.013000000000000001
1913 0.011000000000000001
1914 0.013500000000000002
1915 0.008
1916 0.016000000000000004
1917 0.0105
1918 0.014000000000000002
1919 0.0115
1920 0.0125
1921 0.0105
1922 0.011
1923 0.013000000000000003
1924 0.0155
1925 0.0095
1926 0.015000000000000003
1927 0.012
1928 0.015500000000000003
1929 0.016000000000000004
1930 0.011
1931 0.014500000000000002
1932 0.012
1933 0.013500000000000002
1934 0.013000000000000001
1935 0.009499999999999998
1936 0.012
1937 0.013000000000000001
1938 0.0125
1939 0.011
1940 0.011999999999999999
1941 0.010000000000000002
1942 0.009000000000000001
1943 0.009999999999999998
1944 0.013500000000000002
1945 0.0125
1946 0.009000000000000001
1947 0.011
1948 0.013000000000000001
1949 0.0125
1950 0.013000000000000001
1951 0.0095
1952 0.016000000000000004
1953 0.010500000000000002
1954 0.013000000000000001
1955 0.013000000000000001
1956 0.01
1957 0.0115
1958 0.012499999999999999
1959 0.010499999999999999
1960 0.013999999999999999
1961 0.011500000000000002
1962 0.014000000000000002
1963 0.012500000000000002
1964 0.0125
1965 0.0095
1966 0.007000000000000001
1967 0.013499999999999998
1968 0.014000000000000002
1969 0.01
1970 0.014500000000000002
1971 0.018000000000000006
1972 0.010000000000000002
1973 0.013000000000000001
1974 0.011
1975 0.015000000000000003
1976 0.013500000000000002
1977 0.0165
1978 0.0105
1979 0.0075
1980 0.015500000000000003
1981 0.015000000000000005
1982 0.0125
1983 0.0125
1984 0.009999999999999998
1985 0.01
1986 0.011000000000000001
1987 0.013500000000000002
1988 0.0155
1989 0.0105
1990 0.011000000000000001
1991 0.011500000000000002
1992 0.011000000000000001
1993 0.008
1994 0.011
1995 0.011500000000000002
1996 0.012
1997 0.013500000000000002
1998 0.011000000000000001
1999 0.012500000000000002
2000 0.0095
2001 0.013500000000000002
2002 0.010500000000000002
2003 0.009
2004 0.01
2005 0.009999999999999998
2006 0.01
2007 0.0085
2008 0.010000000000000002
2009 0.0125
2010 0.009000000000000001
2011 0.010000000000000002
2012 0.0095
2013 0.015000000000000003
2014 0.010499999999999999
2015 0.008999999999999998
2016 0.013000000000000001
2017 0.009
2018 0.011000000000000001
2019 0.009
2020 0.011
2021 0.012499999999999999
2022 0.013000000000000001
2023 0.009
2024 0.006
2025 0.0085
2026 0.008
2027 0.018000000000000002
2028 0.011
2029 0.01
2030 0.006999999999999999
2031 0.008
2032 0.013000000000000001
2033 0.0125
2034 0.0095
2035 0.009500000000000001
2036 0.014000000000000002
2037 0.006500000000000001
2038 0.013000000000000001
2039 0.01
2040 0.009500000000000001
2041 0.0105
2042 0.009000000000000001
2043 0.0085
2044 0.0075
2045 0.008500000000000002
2046 0.012
2047 0.012
2048 0.010499999999999999
2049 0.011000000000000003
2050 0.009
2051 0.008
2052 0.0085
2053 0.012
2054 0.0095
2055 0.012000000000000002
2056 0.006500000000000001
2057 0.010500000000000002
2058 0.009
2059 0.006999999999999999
2060 0.015000000000000005
2061 0.009000000000000001
2062 0.009500000000000001
2063 0.008500000000000002
2064 0.003
2065 0.012500000000000002
2066 0.009000000000000001
2067 0.006499999999999999
2068 0.013500000000000002
2069 0.012000000000000002
2070 0.006999999999999999
2071 0.0115
2072 0.012
2073 0.014000000000000002
2074 0.0055
2075 0.008500000000000002
2076 0.009
2077 0.010499999999999999
2078 0.010500000000000002
2079 0.01
2080 0.013000000000000001
2081 0.006
2082 0.01
2083 0.005999999999999999
2084 0.007000000000000001
2085 0.006500000000000001
2086 0.008
2087 0.0055
2088 0.0075
2089 0.009999999999999998
2090 0.011
2091 0.0105
2092 0.010000000000000002
2093 0.008500000000000002
2094 0.009000000000000001
2095 0.01
2096 0.010500000000000004
2097 0.0055
2098 0.0055
2099 0.006499999999999999
2100 0.006500000000000001
2101 0.012000000000000002
2102 0.009999999999999998
2103 0.013000000000000001
2104 0.009999999999999998
2105 0.009500000000000001
2106 0.011000000000000001
2107 0.011
2108 0.01
2109 0.008499999999999999
2110 0.009000000000000001
2111 0.006499999999999999
2112 0.009500000000000003
2113 0.008000000000000002
2114 0.006499999999999999
2115 0.015499999999999996
2116 0.0055
2117 0.0085
2118 0.007000000000000001
2119 0.008
2120 0.008000000000000002
2121 0.008000000000000002
2122 0.009000000000000001
2123 0.004999999999999999
2124 0.009
2125 0.010500000000000002
2126 0.006999999999999999
2127 0.006999999999999999
2128 0.0075000000000000015
2129 0.005999999999999999
2130 0.014000000000000002
2131 0.006499999999999999
2132 0.006
2133 0.0115
2134 0.004999999999999999
2135 0.0085
2136 0.009
2137 0.011500000000000002
2138 0.008000000000000002
2139 0.0105
2140 0.006499999999999999
2141 0.006500000000000001
2142 0.0075000000000000015
2143 0.008000000000000002
2144 0.0055
2145 0.011
2146 0.0095
2147 0.013500000000000002
2148 0.006999999999999999
2149 0.009000000000000003
2150 0.007499999999999998
2151 0.010499999999999999
2152 0.008499999999999999
2153 0.011
2154 0.009500000000000001
2155 0.01
2156 0.008
2157 0.007000000000000001
2158 0.007499999999999998
2159 0.011000000000000001
2160 0.011
2161 0.008500000000000002
2162 0.011
2163 0.008499999999999999
2164 0.008499999999999999
2165 0.009999999999999998
2166 0.0085
2167 0.007999999999999998
2168 0.010000000000000002
2169 0.007000000000000001
2170 0.006499999999999999
2171 0.005499999999999999
2172 0.010499999999999999
2173 0.011
2174 0.013000000000000003
2175 0.0085
2176 0.008
2177 0.0045000000000000005
2178 0.008
2179 0.007000000000000001
2180 0.008
2181 0.008
2182 0.005499999999999999
2183 0.0055
2184 0.010000000000000002
2185 0.008
2186 0.009000000000000001
2187 0.010500000000000002
2188 0.009
2189 0.008500000000000002
2190 0.006
2191 0.0055
2192 0.010499999999999999
2193 0.008999999999999998
2194 0.008
2195 0.005999999999999998
2196 0.0075
2197 0.005
2198 0.009
2199 0.0045
2200 0.007000000000000001
2201 0.004999999999999999
2202 0.009
2203 0.005999999999999999
2204 0.0055
2205 0.007000000000000001
2206 0.0075
2207 0.008
2208 0.0095
2209 0.006499999999999999
2210 0.009500000000000001
2211 0.0095
2212 0.009499999999999998
2213 0.011
2214 0.0045
2215 0.008500000000000002
2216 0.01
2217 0.009999999999999998
2218 0.006999999999999999
2219 0.006
2220 0.005
2221 0.007499999999999998
2222 0.012
2223 0.006999999999999999
2224 0.009000000000000001
2225 0.008499999999999999
2226 0.0085
2227 0.0095
2228 0.0035000000000000005
2229 0.007000000000000001
2230 0.0045000000000000005
2231 0.007000000000000001
2232 0.005499999999999999
2233 0.010000000000000002
2234 0.005999999999999999
2235 0.0075000000000000015
2236 0.006500000000000001
2237 0.0055
2238 0.004999999999999999
2239 0.005999999999999999
2240 0.0085
2241 0.007000000000000001
2242 0.009999999999999998
2243 0.009500000000000003
2244 0.0055
2245 0.01
2246 0.008
2247 0.005
2248 0.004999999999999999
2249 0.006500000000000001
2250 0.0095
2251 0.008000000000000002
2252 0.005999999999999999
2253 0.005999999999999999
2254 0.006499999999999999
2255 0.0055
2256 0.005
2257 0.006500000000000001
2258 0.0075
2259 0.006499999999999999
2260 0.006
2261 0.0085
2262 0.009999999999999998
2263 0.004999999999999999
2264 0.004999999999999999
2265 0.005
2266 0.007000000000000001
2267 0.0045
2268 0.004999999999999999
2269 0.0075000000000000015
2270 0.0075
2271 0.0075
2272 0.0045000000000000005
2273 0.006500000000000001
2274 0.0075000000000000015
2275 0.0075000000000000015
2276 0.0075
2277 0.0075
2278 0.006
2279 0.006
2280 0.01
2281 0.0055
2282 0.007000000000000001
2283 0.008
2284 0.0075
2285 0.006
2286 0.009000000000000003
2287 0.004999999999999999
2288 0.0075
2289 0.012
2290 0.009
2291 0.003
2292 0.005
2293 0.0075000000000000015
2294 0.0035000000000000005
2295 0.0055
2296 0.0075000000000000015
2297 0.009999999999999998
2298 0.009000000000000001
2299 0.004
2300 0.007000000000000001
2301 0.003
2302 0.008
2303 0.006500000000000001
2304 0.006
2305 0.005999999999999999
2306 0.002
2307 0.006500000000000001
2308 0.004
2309 0.0055
2310 0.008000000000000002
2311 0.0045
2312 0.0055
2313 0.0075
2314 0.0055
2315 0.006500000000000001
2316 0.006
2317 0.008000000000000002
2318 0.006
2319 0.006999999999999999
2320 0.0075000000000000015
2321 0.0045
2322 0.009499999999999998
2323 0.006999999999999999
2324 0.006
2325 0.0095
2326 0.0055
2327 0.0025
2328 0.0055
2329 0.0045000000000000005
2330 0.006500000000000001
2331 0.005
2332 0.003
2333 0.006999999999999999
2334 0.003
2335 0.0075
2336 0.004999999999999999
2337 0.004999999999999999
2338 0.0075
2339 0.005999999999999999
2340 0.007000000000000001
2341 0.0075
2342 0.0045
2343 0.006999999999999999
2344 0.004
2345 0.0045
2346 0.004
2347 0.004
2348 0.0085
2349 0.003
2350 0.0045
2351 0.0055
2352 0.006500000000000001
2353 0.006
2354 0.006500000000000001
2355 0.0035000000000000005
2356 0.006
2357 0.004
2358 0.006500000000000001
2359 0.004999999999999999
2360 0.0075000000000000015
2361 0.006
2362 0.006
2363 0.0075
2364 0.006999999999999999
2365 0.006
2366 0.0075000000000000015
2367 0.004999999999999999
2368 0.003
2369 0.0035000000000000005
2370 0.0075
2371 0.008000000000000002
2372 0.007000000000000001
2373 0.005
2374 0.0055
2375 0.007999999999999998
2376 0.006
2377 0.007000000000000001
2378 0.006500000000000001
2379 0.0035000000000000005
2380 0.0045
2381 0.006500000000000001
2382 0.002
2383 0.004499999999999999
2384 0.003
2385 0.0055
2386 0.004999999999999999
2387 0.0035000000000000005
2388 0.006499999999999999
2389 0.008
2390 0.008000000000000002
2391 0.0075000000000000015
2392 0.006500000000000001
2393 0.0075000000000000015
2394 0.006999999999999999
2395 0.006999999999999999
2396 0.003
2397 0.0055
2398 0.008
2399 0.004
2400 0.006
2401 0.005
2402 0.0035000000000000005
2403 0.0045
2404 0.006
2405 0.003999999999999999
2406 0.0055
2407 0.0055
2408 0.004499999999999999
2409 0.007000000000000001
2410 0.0055
2411 0.0055
2412 0.005999999999999999
2413 0.0045
2414 0.005
2415 0.0035000000000000005
2416 0.006
2417 0.0045
2418 0.0055
2419 0.003
2420 0.009000000000000003
2421 0.004999999999999999
2422 0.0095
2423 0.004
2424 0.004999999999999999
2425 0.0035000000000000005
2426 0.007999999999999998
2427 0.0085
2428 0.003
2429 0.006999999999999999
2430 0.0025
2431 0.007999999999999997
2432 0.005999999999999998
2433 0.004999999999999999
2434 0.004
2435 0.002
2436 0.004
2437 0.006999999999999999
2438 0.0034999999999999996
2439 0.006
2440 0.002
2441 0.008
2442 0.006999999999999999
2443 0.0045
2444 0.004999999999999999
2445 0.0025
2446 0.0055
2447 0.006500000000000001
2448 0.006500000000000001
2449 0.0055
2450 0.006
2451 0.006
2452 0.0035000000000000005
2453 0.0035000000000000005
2454 0.004999999999999999
2455 0.0025
2456 0.005
2457 0.003
2458 0.006499999999999999
2459 0.003
2460 0.004
2461 0.004
2462 0.002
2463 0.004
2464 0.002
2465 0.005999999999999999
2466 0.0055
2467 0.0025
2468 0.0055000000000000005
2469 0.002
2470 0.0045
2471 0.0055
2472 0.003
2473 0.004999999999999999
2474 0.007000000000000001
2475 0.005999999999999999
2476 0.006
2477 0.006999999999999999
2478 0.0045000000000000005
2479 0.007000000000000001
2480 0.006
2481 0.0025
2482 0.006499999999999999
2483 0.004
2484 0.0034999999999999996
2485 0.004999999999999999
2486 0.0055
2487 0.0035000000000000005
2488 0.003
2489 0.004999999999999999
2490 0.006500000000000001
2491 0.0075
2492 0.004
2493 0.001
2494 0.0055
2495 0.0055
2496 0.0025
2497 0.006500000000000001
2498 0.0045
2499 0.004499999999999999
2500 0.006
2501 0.0025
2502 0.0045
2503 0.006
2504 0.0055
2505 0.004
2506 0.007499999999999998
2507 0.0055
2508 0.004999999999999999
2509 0.005999999999999999
2510 0.0055000000000000005
2511 0.004999999999999999
2512 0.004999999999999999
2513 0.002
2514 0.003
2515 0.0035000000000000005
2516 0.0025
2517 0.004
2518 0.004999999999999999
2519 0.0025
2520 0.003999999999999999
2521 0.004
2522 0.004
2523 0.002
2524 0.004
2525 0.006
2526 0.005999999999999999
2527 0.0025
2528 0.003
2529 0.003
2530 0.0045
2531 0.004
2532 0.0045
2533 0.0035000000000000005
2534 0.002
2535 0.005999999999999999
2536 0.004499999999999999
2537 0.004
2538 0.0035000000000000005
2539 0.004999999999999999
2540 0.009000000000000001
2541 0.002
2542 0.006500000000000001
2543 0.004
2544 0.006500000000000001
2545 0.0055
2546 0.007499999999999998
2547 0.003
2548 0.006500000000000001
2549 0.004
2550 0.004999999999999999
2551 0.004999999999999999
2552 0.005
2553 0.003
2554 0.004999999999999999
2555 0.0045000000000000005
2556 0.0035000000000000005
2557 0.0045
2558 0.0035000000000000005
2559 0.003
2560 0.002
2561 0.004
2562 0.005999999999999999
2563 0.0035000000000000005
2564 0.005999999999999999
2565 0.004
2566 0.004999999999999999
2567 0.007000000000000001
2568 0.004
2569 0.0005
2570 0.003
2571 0.0025
2572 0.0025
2573 0.008999999999999998
2574 0.0055
2575 0.0045
2576 0.0045
2577 0.002
2578 0.0045000000000000005
2579 0.006500000000000001
2580 0.002
2581 0.0045
2582 0.004
2583 0.0035000000000000005
2584 0.0025
2585 0.0055
2586 0.004
2587 0.0025
2588 0.006999999999999999
2589 0.0045
2590 0.0034999999999999996
2591 0.0045
2592 0.004
2593 0.003
2594 0.004999999999999999
2595 0.003999999999999999
2596 0.003
2597 0.002
2598 0.001
2599 0.005
2600 0.0045
2601 0.006500000000000001
2602 0.0045
2603 0.006
2604 0.004
2605 0.004
2606 0.0035000000000000005
2607 0.0035000000000000005
2608 0.003
2609 0.003
2610 0.0055
2611 0.0045
2612 0.0035000000000000005
2613 0.0025
2614 0.004
2615 0.0025
2616 0.0035000000000000005
2617 0.0035000000000000005
2618 0.0025
2619 0.005
2620 0.0045000000000000005
2621 0.004499999999999999
2622 0.004999999999999999
2623 0.003
2624 0.003
2625 0.005999999999999999
2626 0.0025
2627 0.002
2628 0.0025
2629 0.0025
2630 0.003
2631 0.0035000000000000005
2632 0.0015
2633 0.0035000000000000005
2634 0.0045000000000000005
2635 0.003
2636 0.0035000000000000005
2637 0.0055
2638 0.004999999999999999
2639 0.0055
2640 0.0025
2641 0.003
2642 0.0055
2643 0.008000000000000002
2644 0.0035000000000000005
2645 0.003
2646 0.0035000000000000005
2647 0.0045
2648 0.003
2649 0.008000000000000002
2650 0.0035000000000000005
2651 0.0015
2652 0.0045000000000000005
2653 0.004
2654 0.002
2655 0.003
2656 0.003999999999999999
2657 0.0025
2658 0.0045
2659 0.004
2660 0.0045
2661 0.0035000000000000005
2662 0.0015
2663 0.0025
2664 0.002
2665 0.0035000000000000005
2666 0.0035000000000000005
2667 0.003
2668 0.002
2669 0.0015
2670 0.0045
2671 0.0035000000000000005
2672 0.0035000000000000005
2673 0.0055
2674 0.003
2675 0.0035000000000000005
2676 0.002
2677 0.0045
2678 0.0025
2679 0.0045
2680 0.002
2681 0.003
2682 0.004
2683 0.0055
2684 0.002
2685 0.004999999999999999
2686 0.0015
2687 0.004
2688 0.0034999999999999996
2689 0.0025
2690 0.003
2691 0.003
2692 0.0025
2693 0.003
2694 0.0035000000000000005
2695 0.0025
2696 0.003
2697 0.0055
2698 0.002
2699 0.002
2700 0.0025
2701 0.0045
2702 0.0035000000000000005
2703 0.003
2704 0.0015
2705 0.0035000000000000005
2706 0.004
2707 0.0015
2708 0.0015
2709 0.0015
2710 0.004
2711 0.006500000000000001
2712 0.0025
2713 0.0025
2714 0.0025
2715 0.003
2716 0.0025
2717 0.004
2718 0.0055
2719 0.0035000000000000005
2720 0.0015
2721 0.0015
2722 0.004
2723 0.0025
2724 0.0055
2725 0.0015
2726 0.002
2727 0.002
2728 0.0025
2729 0.0035000000000000005
2730 0.0015
2731 0.002
2732 0.002
2733 0.003
2734 0.003
2735 0.0035000000000000005
2736 0.0025
2737 0.003
2738 0.003
2739 0.0035000000000000005
2740 0.0025
2741 0.0005
2742 0.0025
2743 0.003
2744 0.004999999999999999
2745 0.003999999999999999
2746 0.003
2747 0.003
2748 0.0015
2749 0.0025
2750 0.0025
2751 0.0035000000000000005
2752 0.0015
2753 0.004
2754 0.0045000000000000005
2755 0.0025
2756 0.003
2757 0.0025
2758 0.004999999999999999
2759 0.002
2760 0.0025
2761 0.0025
2762 0.002
2763 0.0025
2764 0.0025
2765 0.004
2766 0.0035000000000000005
2767 0.0025
2768 0.0035000000000000005
2769 0.0035000000000000005
2770 0.002
2771 0.0025
2772 0.004999999999999999
2773 0.003
2774 0.0015
2775 0.0015
2776 0.0015
2777 0.0025
2778 0.003
2779 0.0034999999999999996
2780 0.004
2781 0.005
2782 0.003
2783 0.0025
2784 0.002
2785 0.002
2786 0.002
2787 0.0025
2788 0.004
2789 0.0015
2790 0.003
2791 0.005
2792 0.0025
2793 0.0045
2794 0.0035000000000000005
2795 0.0035000000000000005
2796 0.0035000000000000005
2797 0.0035000000000000005
2798 0.0035000000000000005
2799 0.003
2800 0.003
2801 0.0025
2802 0.0005
2803 0.0035000000000000005
2804 0.003
2805 0.0035000000000000005
2806 0.003
2807 0.0025
2808 0.0015
2809 0.0034999999999999996
2810 0.0045
2811 0.004
2812 0.0025
2813 0.0035000000000000005
2814 0.003
2815 0.003
2816 0.003
2817 0.0025
2818 0.002
2819 0.0025
2820 0.0035000000000000005
2821 0.0025
2822 0.0015
2823 0.003
2824 0.003
2825 0.002
2826 0.003
2827 0.0045
2828 0.0025
2829 0.005999999999999999
2830 0.003
2831 0.005
2832 0.002
2833 0.003
2834 0.005
2835 0.0035000000000000005
2836 0.003999999999999999
2837 0.003
2838 0.0035000000000000005
2839 0.002
2840 0.0055
2841 0.0025
2842 0.0025
2843 0.0015
2844 0.0015
2845 0.0015
2846 0.004
2847 0.003
2848 0.0015
2849 0.004
2850 0.002
2851 0.0035000000000000005
2852 0.004999999999999999
2853 0.004
2854 0.0025
2855 0.002
2856 0.002
2857 0.003
2858 0.0005
2859 0.003
2860 0.0035000000000000005
2861 0.0025
2862 0.003
2863 0.0015
2864 0.003
2865 0.002
2866 0.0015
2867 0.002
2868 0.0035000000000000005
2869 0.0005
2870 0.003
2871 0.0045000000000000005
2872 0.001
2873 0.002
2874 0.001
2875 0.0045
2876 0.0025
2877 0.002
2878 0.0005
2879 0.003
2880 0.0035000000000000005
2881 0.0035000000000000005
2882 0.001
2883 0.0025
2884 0.0005
2885 0.002
2886 0.0025
2887 0.001
2888 0.002
2889 0.002
2890 0.0055
2891 0.002
2892 0.003
2893 0.003
2894 0.001
2895 0.0015
2896 0.004
2897 0.003
2898 0.002
2899 0.0005
2900 0.001
2901 0.003
2902 0.0045
2903 0.0015
2904 0.0025
2905 0.0034999999999999996
2906 0.0025
2907 0.0025
2908 0.002
2909 0.0025
2910 0.0035000000000000005
2911 0.0034999999999999996
2912 0.003
2913 0.0025
2914 0.0025
2915 0.0015
2916 0.003
2917 0.003
2918 0.0015
2919 0.0005
2920 0.0045
2921 0.0025
2922 0.002
2923 0.0015
2924 0.0015
2925 0.003
2926 0.0025
2927 0.0035000000000000005
2928 0.002
2929 0.0035000000000000005
2930 0.0015
2931 0.0015
2932 0.0045
2933 0.0035000000000000005
2934 0.0025
2935 0.0015
2936 0.0025
2937 0.0035000000000000005
2938 0.0035000000000000005
2939 0.003
2940 0.002
2941 0.002
2942 0.0025
2943 0.002
2944 0.002
2945 0.002
2946 0.0015
2947 0.0035000000000000005
2948 0.002
2949 0.0005
2950 0.0015
2951 0.002
2952 0.0035000000000000005
2953 0.0015
2954 0.0035000000000000005
2955 0.003
2956 0.001
2957 0.0025
2958 0.0015
2959 0.0015
2960 0.0015
2961 0.0045
2962 0.002
2963 0.001
2964 0.002
2965 0.002
2966 0.003
2967 0.001
2968 0.002
2969 0.002
2970 0.0015
2971 0.0025
2972 0.0034999999999999996
2973 0.0035000000000000005
2974 0.0034999999999999996
2975 0.0015
2976 0.0025
2977 0.003999999999999999
2978 0.0015
2979 0.0015
2980 0.001
2981 0.0034999999999999996
2982 0.0025
2983 0.0025
2984 0.0005
2985 0.001
2986 0.0025
2987 0.001
2988 0.002
2989 0.0035000000000000005
2990 0.0015
2991 0.0015
2992 0.0034999999999999996
2993 0.002
2994 0.0025
2995 0.0025
2996 0.0045
2997 0.0015
2998 0.0015
2999 0.0015
3000 0.0015
3001 0.0015
3002 0.0015
3003 0.001
3004 0.0015
3005 0.003
3006 0.0025
3007 0.002
3008 0.002
3009 0.001
3010 0.003
3011 0.0005
3013 0.001
3014 0.0025
3015 0.0025
3016 0.0025
3017 0.002
3018 0.0015
3019 0.002
3020 0.0025
3021 0.0015
3022 0.0015
3023 0.001
3024 0.0005
3025 0.002
3026 0.003
3027 0.0035000000000000005
3028 0.0025
3030 0.0025
3031 0.0005
3032 0.001
3033 0.0015
3034 0.002
3035 0.003
3036 0.0015
3038 0.002
3039 0.0015
3040 0.0035000000000000005
3041 0.0025
3042 0.001
3043 0.0035000000000000005
3044 0.0015
3045 0.003
3046 0.0025
3047 0.004
3048 0.001
3049 0.0015
3050 0.003
3051 0.0015
3052 0.001
3053 0.002
3054 0.001
3055 0.0005
3056 0.0015
3057 0.0025
3058 0.0015
3059 0.0025
3060 0.002
3061 0.002
3062 0.001
3063 0.003
3065 0.003
3066 0.001
3067 0.0015
3068 0.0015
3069 0.002
3070 0.003
3071 0.0035000000000000005
3072 0.0005
3074 0.0015
3075 0.002
3076 0.002
3077 0.0015
3078 0.001
3079 0.0025
3080 0.0015
3081 0.002
3082 0.004
3083 0.0005
3084 0.0025
3085 0.0005
3086 0.0025
3088 0.001
3089 0.0015
3090 0.0005
3091 0.002
3092 0.0035000000000000005
3093 0.002
3094 0.0005
3095 0.002
3096 0.005
3097 0.004
3098 0.0025
3100 0.0025
3101 0.002
3102 0.001
3103 0.001
3104 0.0035000000000000005
3105 0.0025
3106 0.0005
3107 0.0025
3108 0.0015
3109 0.002
3110 0.0005
3111 0.0015
3112 0.0035000000000000005
3113 0.0015
3114 0.0015
3115 0.0025
3116 0.001
3117 0.001
3118 0.001
3119 0.001
3120 0.0015
3121 0.0005
3122 0.0005
3123 0.001
3124 0.0025
3125 0.002
3126 0.0025
3127 0.0025
3128 0.0015
3129 0.0005
3130 0.003
3131 0.0005
3132 0.0045
3133 0.0015
3134 0.0015
3135 0.003
3136 0.0015
3137 0.001
3138 0.0005
3139 0.0005
3140 0.0015
3141 0.002
3142 0.001
3143 0.0025
3144 0.002
3145 0.001
3147 0.002
3148 0.0025
3149 0.0025
3150 0.0025
3151 0.001
3152 0.001
3153 0.0025
3154 0.001
3155 0.001
3156 0.002
3157 0.0035000000000000005
3158 0.001
3159 0.003
3160 0.001
3161 0.001
3162 0.0025
3163 0.0015
3164 0.001
3166 0.0015
3167 0.0005
3168 0.002
3169 0.0005
3170 0.0015
3171 0.0005
3172 0.002
3173 0.002
3174 0.001
3175 0.003
3176 0.002
3177 0.0015
3178 0.002
3179 0.001
3180 0.001
3181 0.001
3182 0.0015
3183 0.0015
3184 0.002
3185 0.001
3187 0.002
3188 0.002
3189 0.001
3190 0.001
3191 0.0005
3192 0.0015
3193 0.0005
3194 0.0015
3195 0.0015
3196 0.0025
3198 0.0005
3199 0.001
3201 0.0015
3203 0.002
3204 0.002
3205 0.001
3206 0.0025
3208 0.0025
3210 0.002
3211 0.0015
3212 0.001
3213 0.0005
3214 0.0025
3215 0.0025
3216 0.0025
3217 0.002
3218 0.002
3219 0.0005
3220 0.0035000000000000005
3221 0.002
3222 0.0025
3223 0.001
3224 0.0015
3225 0.0025
3226 0.002
3227 0.001
3228 0.001
3229 0.001
3230 0.0015
3231 0.0025
3232 0.0025
3233 0.001
3234 0.001
3235 0.0005
3236 0.001
3238 0.001
3239 0.001
3240 0.001
3241 0.0015
3242 0.0015
3244 0.001
3245 0.0015
3246 0.002
3247 0.0015
3248 0.0015
3249 0.003
3250 0.001
3252 0.0005
3253 0.0015
3254 0.001
3255 0.0015
3256 0.0005
3257 0.001
3259 0.0005
3260 0.0025
3261 0.0015
3262 0.0015
3263 0.0005
3264 0.002
3265 0.0015
3266 0.001
3267 0.0005
3268 0.002
3271 0.0025
3272 0.0005
3273 0.001
3274 0.001
3275 0.0025
3276 0.0015
3277 0.001
3278 0.0005
3279 0.002
3280 0.0025
3281 0.002
3282 0.002
3283 0.0015
3284 0.001
3285 0.0025
3287 0.0015
3289 0.001
3290 0.003
3291 0.0015
3292 0.0025
3293 0.0025
3294 0.001
3295 0.001
3296 0.002
3297 0.001
3298 0.0015
3299 0.002
3300 0.0015
3301 0.0015
3302 0.0005
3303 0.003
3304 0.0005
3305 0.001
3306 0.002
3307 0.0015
3308 0.0015
3310 0.002
3311 0.0015
3312 0.001
3313 0.0015
3314 0.0015
3315 0.002
3316 0.003
3317 0.001
3319 0.002
3320 0.0005
3321 0.0025
3322 0.0015
3323 0.0005
3324 0.0015
3325 0.001
3326 0.001
3327 0.0015
3328 0.002
3330 0.0005
3331 0.001
3332 0.0005
3333 0.002
3334 0.001
3336 0.001
3338 0.002
3339 0.0005
3340 0.001
3341 0.001
3342 0.0005
3343 0.0015
3344 0.002
3345 0.0015
3346 0.002
3347 0.001
3348 0.0005
3349 0.0015
3350 0.002
3351 0.002
3352 0.001
3353 0.001
3354 0.0005
3355 0.001
3356 0.0015
3358 0.0015
3359 0.0025
3360 0.0005
3361 0.0025
3362 0.002
3363 0.001
3364 0.0025
3365 0.001
3366 0.0015
3367 0.0025
3368 0.0015
3369 0.0015
3370 0.0025
3371 0.0005
3372 0.002
3373 0.0015
3374 0.001
3375 0.0015
3376 0.0015
3378 0.0005
3379 0.001
3380 0.001
3381 0.001
3382 0.002
3384 0.002
3385 0.001
3386 0.002
3387 0.001
3388 0.002
3389 0.0015
3390 0.0005
3391 0.0025
3392 0.003
3393 0.0005
3394 0.001
3395 0.0005
3396 0.002
3397 0.0015
3398 0.002
3399 0.002
3400 0.0005
3401 0.0005
3402 0.001
3403 0.001
3404 0.0015
3405 0.001
3406 0.004
3407 0.0005
3408 0.0005
3409 0.0005
3410 0.0005
3411 0.001
3412 0.0015
3413 0.0005
3414 0.0005
3415 0.0015
3416 0.0005
3417 0.0005
3418 0.001
3419 0.0005
3420 0.003
3421 0.0005
3422 0.0005
3423 0.0005
3424 0.0005
3425 0.001
3427 0.0015
3429 0.0025
3430 0.0005
3433 0.001
3434 0.0015
3435 0.0005
3436 0.001
3437 0.001
3439 0.002
3440 0.0005
3441 0.0015
3442 0.002
3443 0.001
3444 0.0015
3445 0.001
3446 0.001
3447 0.0005
3449 0.003
3450 0.0005
3451 0.001
3452 0.001
3453 0.0005
3454 0.0005
3455 0.0005
3456 0.001
3457 0.001
3458 0.0025
3459 0.0005
3460 0.001
3461 0.0005
3463 0.001
3464 0.0005
3465 0.0005
3466 0.0005
3467 0.002
3468 0.001
3469 0.0005
3470 0.0015
3471 0.0005
3472 0.001
3473 0.001
3474 0.0005
3475 0.0005
3476 0.001
3478 0.0005
3479 0.001
3480 0.0015
3481 0.001
3482 0.0025
3483 0.001
3484 0.001
3485 0.002
3486 0.0005
3487 0.001
3488 0.001
3489 0.001
3490 0.0005
3491 0.0005
3492 0.0005
3493 0.001
3494 0.0005
3495 0.0005
3496 0.002
3497 0.0015
3498 0.001
3499 0.0005
3500 0.0005
3501 0.0005
3502 0.0005
3503 0.0005
3504 0.0015
3505 0.0005
3506 0.0005
3507 0.0005
3508 0.0005
3509 0.002
3510 0.0005
3511 0.0015
3512 0.0005
3513 0.0005
3514 0.0005
3515 0.0015
3516 0.001
3517 0.002
3518 0.0005
3519 0.0005
3520 0.0005
3521 0.002
3522 0.0005
3523 0.0005
3524 0.001
3525 0.001
3526 0.0005
3527 0.001
3528 0.0005
3529 0.002
3530 0.001
3531 0.001
3532 0.002
3533 0.0035000000000000005
3534 0.0015
3535 0.0005
3536 0.0025
3537 0.0005
3538 0.0015
3539 0.0015
3540 0.0005
3541 0.002
3542 0.0005
3544 0.001
3546 0.001
3547 0.001
3548 0.0015
3549 0.0015
3550 0.0025
3551 0.002
3552 0.001
3554 0.0015
3555 0.002
3556 0.0005
3558 0.0005
3559 0.0005
3561 0.001
3562 0.0015
3564 0.0005
3566 0.002
3567 0.0005
3568 0.0015
3569 0.0005
3571 0.001
3572 0.001
3573 0.0015
3574 0.001
3575 0.0005
3576 0.001
3577 0.0005
3578 0.0005
3579 0.0005
3580 0.0025
3581 0.001
3583 0.001
3584 0.001
3586 0.001
3590 0.001
3591 0.001
3592 0.0005
3593 0.001
3594 0.0005
3595 0.001
3596 0.001
3597 0.001
3599 0.0005
3600 0.0005
3601 0.002
3602 0.001
3603 0.001
3604 0.001
3605 0.0015
3606 0.0005
3607 0.0005
3608 0.001
3609 0.0015
3610 0.001
3611 0.001
3613 0.001
3614 0.0015
3616 0.0015
3617 0.0015
3619 0.0005
3620 0.0005
3621 0.0015
3622 0.0005
3623 0.0005
3625 0.001
3626 0.002
3627 0.001
3629 0.0005
3630 0.0015
3631 0.001
3632 0.0005
3634 0.0005
3635 0.001
3636 0.0005
3638 0.002
3639 0.001
3640 0.001
3641 0.0015
3643 0.002
3645 0.0005
3646 0.0005
3647 0.001
3648 0.0005
3650 0.0015
3651 0.001
3653 0.0005
3654 0.001
3655 0.0005
3656 0.001
3657 0.0005
3658 0.001
3659 0.001
3661 0.001
3662 0.0015
3663 0.001
3664 0.0005
3665 0.0015
3666 0.0015
3667 0.001
3668 0.0015
3669 0.0005
3670 0.0005
3672 0.0005
3673 0.001
3674 0.0015
3675 0.0005
3679 0.0005
3680 0.001
3681 0.0015
3682 0.0005
3683 0.001
3684 0.0005
3685 0.0005
3687 0.0005
3690 0.001
3691 0.0005
3692 0.0005
3696 0.0005
3697 0.0005
3698 0.0005
3702 0.0015
3704 0.0015
3706 0.0005
3708 0.0005
3709 0.0005
3711 0.0005
3713 0.0025
3714 0.001
3715 0.0015
3716 0.002
3717 0.0015
3719 0.0005
3723 0.0005
3724 0.0005
3725 0.0005
3726 0.0005
3728 0.0015
3729 0.001
3730 0.002
3733 0.0005
3734 0.0005
3735 0.001
3737 0.001
3739 0.0005
3742 0.0005
3743 0.0005
3745 0.001
3746 0.001
3747 0.0005
3750 0.0005
3752 0.0005
3754 0.0015
3755 0.002
3758 0.002
3759 0.001
3760 0.001
3761 0.0005
3763 0.001
3765 0.0005
3768 0.0005
3769 0.0005
3770 0.0005
3772 0.001
3773 0.0015
3774 0.0005
3777 0.001
3778 0.0005
3779 0.001
3782 0.0015
3783 0.0015
3784 0.001
3785 0.0005
3786 0.0005
3787 0.001
3790 0.0005
3791 0.0005
3792 0.0005
3794 0.0005
3795 0.0015
3796 0.001
3797 0.0015
3798 0.0005
3799 0.0005
3800 0.001
3801 0.0005
3805 0.0015
3807 0.0005
3808 0.0005
3810 0.0005
3811 0.0015
3813 0.0005
3816 0.001
3817 0.001
3818 0.0015
3819 0.0005
3820 0.0015
3821 0.0015
3822 0.001
3823 0.001
3824 0.0005
3826 0.001
3828 0.001
3829 0.0005
3831 0.001
3832 0.001
3834 0.0005
3836 0.0005
3837 0.001
3839 0.001
3840 0.0005
3841 0.001
3842 0.0005
3843 0.0005
3844 0.0005
3846 0.001
3847 0.0005
3848 0.001
3849 0.0005
3850 0.0005
3851 0.0005
3853 0.0005
3854 0.001
3855 0.001
3856 0.0015
3857 0.001
3859 0.0005
3860 0.0005
3862 0.0005
3864 0.0005
3866 0.002
3867 0.0005
3868 0.0015
3870 0.0005
3872 0.0005
3876 0.0005
3880 0.0005
3882 0.0005
3883 0.001
3884 0.0005
3885 0.0015
3886 0.001
3887 0.001
3889 0.0005
3890 0.0005
3891 0.001
3892 0.0005
3894 0.001
3895 0.001
3896 0.0005
3899 0.0015
3900 0.0005
3901 0.0005
3902 0.001
3904 0.0005
3905 0.001
3908 0.0005
3912 0.0005
3913 0.001
3914 0.0015
3917 0.0005
3918 0.0005
3920 0.001
3921 0.0005
3922 0.0005
3923 0.001
3925 0.0005
3926 0.001
3928 0.001
3929 0.0005
3931 0.0005
3932 0.0005
3934 0.001
3936 0.0005
3938 0.0005
3939 0.0005
3940 0.0005
3941 0.0005
3942 0.001
3943 0.001
3945 0.0005
3946 0.0005
3948 0.001
3949 0.0005
3952 0.0005
3953 0.0015
3955 0.0005
3956 0.0005
3957 0.0005
3959 0.002
3962 0.0005
3963 0.0005
3964 0.001
3966 0.0005
3967 0.001
3969 0.0015
3971 0.001
3972 0.0005
3975 0.001
3976 0.0005
3979 0.0005
3980 0.0005
3983 0.0005
3985 0.001
3987 0.001
3990 0.001
3991 0.0005
3992 0.0005
3993 0.001
3996 0.0015
3997 0.001
3998 0.0005
3999 0.0005
4000 0.0015
4001 0.0005
4002 0.0005
4003 0.001
4005 0.0005
4006 0.0005
4008 0.001
4009 0.001
4010 0.0015
4011 0.0005
4012 0.0005
4013 0.001
4014 0.0005
4017 0.0005
4018 0.0015
4019 0.0005
4020 0.0005
4021 0.0005
4022 0.001
4024 0.0005
4025 0.0005
4026 0.0005
4027 0.0005
4028 0.001
4029 0.001
4030 0.0005
4031 0.0005
4032 0.0005
4033 0.0005
4034 0.001
4035 0.0005
4036 0.0005
4038 0.001
4039 0.002
4040 0.0015
4041 0.0005
4042 0.0005
4043 0.0005
4046 0.0005
4047 0.001
4050 0.0005
4051 0.0015
4052 0.0005
4054 0.001
4058 0.0005
4062 0.001
4063 0.0005
4065 0.0005
4066 0.0005
4067 0.0005
4068 0.0005
4069 0.0005
4070 0.001
4071 0.0005
4073 0.0015
4074 0.001
4075 0.0005
4078 0.0005
4081 0.001
4082 0.0005
4086 0.001
4087 0.0005
4088 0.0005
4089 0.0005
4093 0.0005
4094 0.0005
4095 0.0015
4096 0.001
4099 0.001
4102 0.0005
4103 0.0005
4104 0.0005
4105 0.0005
4106 0.001
4107 0.0005
4108 0.0005
4110 0.0005
4111 0.0005
4113 0.0005
4115 0.0005
4117 0.0005
4119 0.0015
4121 0.001
4125 0.0005
4126 0.0005
4127 0.0005
4128 0.0005
4133 0.001
4136 0.0005
4137 0.0005
4139 0.0005
4140 0.0005
4142 0.0005
4143 0.0005
4144 0.0005
4147 0.0005
4149 0.001
4151 0.001
4152 0.0005
4156 0.0005
4157 0.001
4162 0.0005
4163 0.0005
4166 0.0005
4167 0.0005
4168 0.0005
4172 0.001
4174 0.0005
4175 0.001
4176 0.0005
4178 0.0005
4180 0.0005
4184 0.0005
4185 0.0005
4186 0.0005
4187 0.0005
4188 0.0005
4190 0.0005
4192 0.0015
4193 0.001
4197 0.0005
4199 0.0005
4200 0.001
4203 0.0005
4207 0.0005
4208 0.001
4210 0.0005
4212 0.0005
4215 0.0005
4218 0.001
4222 0.001
4224 0.0005
4226 0.0005
4227 0.0005
4229 0.0005
4232 0.0005
4233 0.0005
4236 0.0005
4237 0.0005
4238 0.0015
4240 0.0005
4241 0.0005
4242 0.0015
4245 0.0005
4246 0.0005
4248 0.001
4250 0.0005
4251 0.0005
4254 0.0005
4256 0.0005
4257 0.0005
4261 0.001
4262 0.0005
4263 0.0005
4264 0.0005
4273 0.0005
4275 0.0005
4276 0.0005
4279 0.001
4280 0.0015
4281 0.0005
4284 0.001
4286 0.0005
4287 0.001
4292 0.0005
4293 0.0005
4294 0.0005
4297 0.0005
4302 0.0005
4303 0.0015
4306 0.001
4308 0.0005
4309 0.0005
4310 0.0005
4311 0.001
4313 0.001
4317 0.001
4319 0.0015
4320 0.0005
4322 0.0005
4323 0.0005
4325 0.0005
4327 0.0015
4330 0.0005
4332 0.0005
4334 0.0005
4338 0.0005
4339 0.0005
4345 0.0005
4346 0.0005
4350 0.0005
4353 0.0005
4356 0.0005
4358 0.001
4359 0.0005
4361 0.0005
4364 0.001
4366 0.001
4370 0.0005
4373 0.0005
4375 0.0005
4378 0.001
4379 0.001
4381 0.0005
4382 0.0005
4383 0.0005
4386 0.0005
4389 0.001
4393 0.001
4395 0.0005
4396 0.0005
4397 0.0005
4400 0.0005
4402 0.0005
4404 0.0005
4405 0.0005
4406 0.001
4407 0.001
4409 0.0005
4410 0.0005
4414 0.0005
4415 0.001
4416 0.001
4423 0.0005
4424 0.001
4425 0.0005
4427 0.0005
4428 0.0005
4429 0.001
4430 0.0005
4436 0.0005
4441 0.0005
4442 0.001
4445 0.0005
4447 0.0005
4448 0.0005
4457 0.0005
4461 0.001
4471 0.0005
4473 0.0005
4474 0.0005
4477 0.0005
4478 0.0005
4479 0.0005
4481 0.0005
4482 0.0005
4485 0.0005
4486 0.001
4487 0.001
4488 0.0005
4490 0.0005
4491 0.0005
4492 0.0005
4493 0.0005
4498 0.0005
4500 0.0005
4503 0.0005
4507 0.0005
4509 0.0005
4511 0.001
4514 0.0005
4516 0.0005
4524 0.0005
4525 0.0005
4528 0.0005
4530 0.001
4531 0.0005
4536 0.0005
4545 0.0005
4553 0.0005
4555 0.0005
4562 0.0005
4564 0.0005
4567 0.0005
4573 0.0005
4584 0.0005
4585 0.0005
4588 0.0005
4590 0.0005
4594 0.0005
4595 0.0005
4596 0.0005
4598 0.0005
4603 0.0005
4606 0.0005
4609 0.0005
4612 0.0005
4614 0.001
4617 0.0005
4618 0.0005
4621 0.0005
4622 0.0005
4624 0.001
4625 0.0005
4627 0.0005
4635 0.0005
4638 0.0005
4640 0.0005
4643 0.0005
4652 0.0005
4656 0.001
4658 0.001
4672 0.0005
4676 0.0005
4681 0.001
4684 0.001
4685 0.0005
4687 0.0005
4688 0.0005
4690 0.0005
4694 0.0005
4695 0.0005
4700 0.0005
4703 0.0005
4705 0.0005
4707 0.0005
4708 0.0005
4721 0.0005
4725 0.0005
4728 0.0005
4729 0.0005
4732 0.0005
4735 0.0005
4738 0.001
4744 0.0005
4746 0.0005
4748 0.001
4754 0.001
4755 0.0005
4758 0.0005
4761 0.0005
4763 0.0005
4772 0.001
4778 0.0005
4779 0.0005
4781 0.0005
4782 0.0005
4785 0.0005
4790 0.0005
4792 0.0005
4798 0.001
4799 0.0005
4807 0.0005
4812 0.0005
4815 0.0005
4818 0.0005
4821 0.001
4822 0.0005
4828 0.0005
4831 0.0005
4834 0.0005
4848 0.0005
4859 0.0005
4866 0.0005
4872 0.0005
4875 0.0005
4880 0.0005
4896 0.0005
4899 0.0005
4902 0.0005
4907 0.001
4908 0.0005
4909 0.0005
4911 0.0005
4913 0.0005
4917 0.0005
4928 0.0005
4929 0.0005
4940 0.0005
4941 0.0005
4943 0.0005
4949 0.0005
4956 0.0005
4959 0.0005
4973 0.001
4976 0.0005
4978 0.0005
4980 0.001
4986 0.0005
4987 0.0005
5000 0.0005
5001 0.0005
5002 0.0005
5012 0.0005
5015 0.001
5023 0.0005
5027 0.0005
5032 0.0005
5034 0.0005
5036 0.0005
5049 0.0005
5051 0.0005
5061 0.001
5064 0.0005
5074 0.0005
5078 0.0005
5081 0.0005
5112 0.0005
5114 0.0005
5124 0.0005
5126 0.0005
5130 0.0005
5138 0.001
5140 0.0005
5141 0.0005
5166 0.0005
5167 0.0005
5172 0.0005
5181 0.0005
5184 0.0005
5190 0.0005
5192 0.0005
5194 0.0005
5197 0.0005
5207 0.0005
5218 0.0005
5221 0.0005
5224 0.001
5232 0.0005
5234 0.0005
5245 0.0005
5249 0.0005
5252 0.0005
5255 0.0005
5267 0.0005
5278 0.0005
5286 0.001
5288 0.0005
5289 0.0005
5294 0.001
5295 0.0005
5298 0.0005
5304 0.0005
5309 0.0005
5316 0.0005
5317 0.0005
5353 0.0005
5363 0.0005
5368 0.001
5369 0.0005
5376 0.0005
5377 0.001
5398 0.0005
5400 0.0005
5421 0.0005
5438 0.0005
5449 0.001
5456 0.0005
5463 0.0005
5471 0.0005
5478 0.0005
5485 0.0005
5496 0.0005
5512 0.0005
5514 0.0005
5517 0.0005
5531 0.0005
5545 0.001
5549 0.0005
5574 0.0005
5581 0.0005
5616 0.0005
5621 0.0005
5626 0.0005
5639 0.0005
5653 0.0005
5661 0.0015
5709 0.0005
5728 0.0005
5747 0.0005
5770 0.0005
5772 0.0005
5785 0.0005
5806 0.0005
5815 0.0005
5816 0.0005
5821 0.0005
5825 0.0005
5826 0.0005
5833 0.001
5841 0.0005
5853 0.0005
5985 0.0005
6028 0.0005
6057 0.0005
6081 0.0005
6090 0.0005
6095 0.0005
6113 0.0005
6121 0.0005
6128 0.0005
6149 0.0005
6152 0.0005
6164 0.0005
6168 0.0005
6200 0.0005
6233 0.0005
6251 0.0005
6259 0.0005
6268 0.0005
6278 0.0005
6294 0.0005
6301 0.0005
6470 0.0005
6558 0.0005
6565 0.0005
6568 0.0005
6581 0.0005
6621 0.0005
6632 0.0005
6648 0.0005
6653 0.0005
6676 0.0005
6700 0.0005
6748 0.0005
6776 0.0005
6856 0.0005
6878 0.0005
6919 0.0005
6986 0.0005
7008 0.0005
7374 0.0005
7473 0.0005
7608 0.0005
7645 0.0005
7888 0.0005
8833 0.0005
9136 0.0005
