2.188482242914898 2370.3849999999998
3.2375355112801323 1136.395
4.2033499603186 690.653
5.4572840444070785 462.39099999999996
6.218234032707472 334.7120000000001
7.085288977242976 254.5685
8.07324388676679 200.9405
9.198956748914297 162.2565
10.481636186799907 135.483
11.943169225727692 114.00450000000001
13.608494762869398 183.03050000000002
15.506029112616911 141.2235
17.66815088891038 112.01500000000001
20.13175349834111 131.80600000000004
22.93887467150582 70.1905
26.137413774632723 112.8015
29.78194914134008 67.0995
33.93466937108356 72.80550000000002
38.66643448552143 72.2535
44.05798504985939 67.82849999999999
50.20131989104082 53.66550000000001
57.201265921502966 50.27949999999999
65.17726685521735 45.94300000000001
74.26542133780448 41.50249999999999
84.6208052683959 37.191500000000005
96.42011794022731 35.70149999999998
109.86469715243328 31.03
125.18395474146233 30.287
142.63929115436898 25.755000000000006
162.52855586037825 24.149499999999993
185.19112971104386 22.413499999999978
211.01371597194776 20.156
240.43693884132318 17.998500000000014
273.96286204955254 16.509500000000017
312.1635558333046 15.697499999999991
355.6908584670399 13.771000000000011
405.28749891796946 12.856500000000008
461.7997704160955 11.533499999999979
526.1919711950511 10.488999999999967
599.5628588135901 9.510000000000007
683.1643988263603 8.679500000000004
778.423127722273 7.95200000000001
886.964494657367 7.27050000000002
1010.6405973378015 6.6475000000000035
1151.5617853247568 6.065000000000023
1312.132670024834 5.532000000000064
1495.093155823121 5.074500000000082
1703.5651924944698 4.654500000000081
1941.1060466536335 4.255000000000108
2211.769001242684 3.86150000000008
2520.1725188026103 3.465000000000054
2871.579048697862 3.222000000000014
3271.9848230224966 2.9104999999999914
3728.222173422051 2.649999999999993
4248.076114716215 2.4449999999999945
4840.417184649233 2.1380000000000114
5515.352806481625 1.9995000000000327
6284.399757201726 1.8215000000000523
7160.680684271779 1.5890000000000846
8159.148024175745 1.3980000000000659
9296.839143607345 1.266500000000049
10593.167056904967 1.11350000000003
12070.251680395882 0.9480000000000073
13753.297276014688 0.7929999999999854
15671.022524712487 0.6879999999999876
17856.150568222794 0.5914999999999897
20345.967381020844 0.4904999999999918
23182.958000267594 0.3774999999999942
26415.531470060094 0.29499999999999593
30098.84687008798 0.22699999999999737
34295.75452365267 0.16749999999999865
39077.868445370346 0.13349999999999934
44526.78832828985 0.09250000000000007
50735.491921827495 0.054000000000000034
57809.92155938619 0.03950000000000002
65870.79190740219 0.022000000000000013
75055.64978238216 0.005999999999999999
85521.22118365741 0.003
97446.08559049266 0.001
111033.72315647172 0.001
