2.188482242914898 3484.9089999999997
3.2375355112801323 1887.0590000000004
4.2033499603186 1198.0555
5.4572840444070785 841.2060000000001
6.218234032707472 627.3879999999999
7.085288977242976 489.255
8.07324388676679 395.041
9.198956748914297 326.9959999999999
10.481636186799907 276.0195
11.943169225727692 236.60449999999992
13.608494762869398 386.2310000000001
15.506029112616911 303.972
17.66815088891038 246.93099999999998
20.13175349834111 295.16099999999994
22.93887467150582 160.558
26.137413774632723 260.35749999999996
29.78194914134008 156.55049999999994
33.93466937108356 172.85899999999992
38.66643448552143 174.08099999999996
44.05798504985939 165.1855
50.20131989104082 132.22800000000004
57.201265921502966 125.61249999999998
65.17726685521735 116.04350000000002
74.26542133780448 105.59650000000002
84.6208052683959 94.53700000000002
96.42011794022731 91.95999999999997
109.86469715243328 80.50749999999998
125.18395474146233 79.94250000000008
142.63929115436898 67.70349999999999
162.52855586037825 64.2515
185.19112971104386 59.16699999999993
211.01371597194776 53.36499999999995
240.43693884132318 47.610999999999976
273.96286204955254 43.29850000000003
312.1635558333046 40.815000000000026
355.6908584670399 35.466500000000046
405.28749891796946 32.33450000000002
461.7997704160955 28.43399999999997
526.1919711950511 25.813000000000038
599.5628588135901 22.203000000000007
683.1643988263603 19.45599999999999
778.423127722273 16.603999999999957
886.964494657367 14.119499999999977
1010.6405973378015 12.022500000000086
1151.5617853247568 9.771000000000083
1312.132670024834 7.970000000000077
1495.093155823121 6.15250000000008
1703.5651924944698 4.822000000000104
1941.1060466536335 3.5535000000000556
2211.769001242684 2.6140000000000088
2520.1725188026103 1.7910000000000437
2871.579048697862 1.195500000000028
3271.9848230224966 0.728499999999987
3728.222173422051 0.447499999999993
4248.076114716215 0.2439999999999971
4840.417184649233 0.1259999999999995
5515.352806481625 0.05800000000000004
6284.399757201726 0.025000000000000012
7160.680684271779 0.010000000000000002
8159.148024175745 0.0025
9296.839143607345 0.001
