0.340143027149562 2.416301758682251
0.5102145407243431 1.728227940155975
0.6235955497741972 1.2992566299586006
0.7369765588240512 0.857030798272624
0.7936670633489782 0.5382594603421658
0.8503575678739053 0.18977095634687374
0.9070480723988322 -0.10651565378151391
0.9637385769237592 -0.4225082001627747
1.0204290814486863 -0.648783654660658
1.0771195859736133 -0.8554257923903836
1.1338100904985402 -0.9299621333922449
1.1905005950234673 -1.346787486224656
1.2471910995483944 -1.6989700043360187
1.3038816040733214 -2.070581074285707
1.3605721085982483 -2.5228787452803374
1.4172626131231754 -3.0
1.5306436221730293 -3.3010299956639813
5.158835911768358 -1.2557070168773234
5.215526416293286 -0.8843894883257022
5.272216920818212 -1.6575773191777934
5.328907425343139 -1.1580151954098858
5.385597929868067 -1.4089353929735005
5.442288434392993 -0.7363639314118959
5.612359947967774 -0.12493873660830708
