1 30421.004400000005
2 8510.395199999999
3 4605.492399999999
4 2926.3284000000003
5 2051.7216
6 1531.7419999999997
7 1197.588
8 966.8915999999997
9 798.6768000000001
10 673.5836
11 577.2600000000001
12 502.42600000000004
13 441.30080000000004
14 391.99199999999996
15 350.9212
16 315.4676000000001
17 286.39000000000004
18 260.93160000000006
19 239.50640000000007
20 219.97800000000004
21 203.338
22 188.47239999999994
23 174.61199999999997
24 163.6876
25 153.428
26 144.0076
27 135.15959999999998
28 127.23160000000001
29 120.11800000000001
30 113.84559999999996
31 108.12639999999998
32 102.79480000000004
33 97.54479999999995
34 92.65399999999998
35 88.5364
36 84.74879999999999
37 80.8516
38 77.4324
39 74.6556
40 71.43280000000001
41 68.43800000000002
42 65.712
43 63.340000000000025
44 60.9664
45 58.56639999999999
46 56.7724
47 54.754400000000004
48 53.0904
49 51.24599999999999
50 49.6088
51 47.64960000000001
52 46.39000000000001
53 44.9212
54 43.8068
55 42.2252
56 41.208400000000005
57 39.960800000000006
58 38.927600000000005
59 37.5816
60 36.71999999999999
61 35.7376
62 34.8632
63 33.672399999999996
64 33.19800000000001
65 32.2604
66 31.3616
67 30.676
68 29.7276
69 29.237199999999998
70 28.453999999999994
71 27.9204
72 26.9568
73 26.406800000000004
74 25.8988
75 25.5248
76 24.776
77 24.4356
78 23.8312
79 23.1948
80 22.949599999999997
81 22.3748
82 22.028000000000002
83 21.525199999999998
84 21.202
85 20.686400000000003
86 20.340799999999998
87 19.9436
88 19.543199999999995
89 19.183999999999997
90 18.7472
91 18.5688
92 18.172800000000002
93 17.6452
94 17.528399999999998
95 17.264
96 16.9812
97 16.6984
98 16.426000000000002
99 16.2396
100 15.983200000000005
101 15.5752
102 15.320799999999998
103 14.981600000000006
104 14.813600000000001
105 14.7136
106 14.422000000000002
107 14.2436
108 13.919199999999998
109 13.6948
110 13.437999999999997
111 13.310799999999997
112 13.175199999999997
113 12.913999999999998
114 12.6852
115 12.462799999999998
116 12.2544
117 12.096000000000004
118 12.0844
119 11.8504
120 11.686399999999999
121 11.527999999999999
122 11.333599999999999
123 11.080800000000002
124 11.0112
125 10.835199999999997
126 10.7632
127 10.67
128 10.546799999999998
129 10.386
130 10.316
131 10.131599999999999
132 9.9264
133 9.827599999999997
134 9.655999999999999
135 9.696800000000003
136 9.38
137 9.494000000000002
138 9.365999999999996
139 9.1044
140 9.115200000000002
141 8.9012
142 8.7752
143 8.7916
144 8.5716
145 8.520400000000002
146 8.5036
147 8.3136
148 8.176799999999998
149 8.1356
150 8.067599999999997
151 7.987600000000001
152 7.8452
153 7.7867999999999995
154 7.711200000000002
155 7.656000000000001
156 7.440000000000001
157 7.4008
158 7.481599999999999
159 7.294800000000001
160 7.3132
161 7.294800000000001
162 7.037600000000001
163 7.089600000000001
164 6.891999999999999
165 6.9232000000000005
166 6.7604
167 6.749200000000001
168 6.6168000000000005
169 6.604400000000003
170 6.540400000000001
171 6.3828
172 6.3584
173 6.3591999999999995
174 6.2856
175 6.263199999999999
176 6.0532
177 6.109200000000002
178 6.085200000000001
179 5.945599999999998
180 5.8788
181 5.8656
182 5.8192
183 5.660399999999999
184 5.7204
185 5.594799999999999
186 5.7212
187 5.4811999999999985
188 5.512400000000001
189 5.4888
190 5.4428
191 5.3448
192 5.378800000000001
193 5.266
194 5.311599999999999
195 5.1208
196 5.0371999999999995
197 5.1015999999999995
198 4.9796
199 4.982799999999999
200 4.9788
201 4.9016
202 4.8392
203 4.7276
204 4.7888
205 4.759200000000001
206 4.693199999999999
207 4.6084000000000005
208 4.642799999999999
209 4.5684
210 4.4876
211 4.5624
212 4.443600000000001
213 4.4628000000000005
214 4.3816
215 4.323199999999999
216 4.2936000000000005
217 4.341200000000001
218 4.2116
219 4.2672
220 4.2116
221 4.2116
222 4.076
223 4.094
224 4.074000000000001
225 4.0664
226 3.9647999999999994
227 4.0096
228 3.9495999999999998
229 3.963600000000001
230 3.914
231 3.8732000000000006
232 3.7640000000000002
233 3.7944000000000004
234 3.7484
235 3.7672
236 3.7068
237 3.6543999999999994
238 3.64
239 3.592399999999999
240 3.6672
241 3.6416000000000004
242 3.5108000000000006
243 3.5131999999999994
244 3.4532000000000007
245 3.524000000000001
246 3.4899999999999993
247 3.382800000000001
248 3.3640000000000003
249 3.4196
250 3.3476
251 3.3916000000000004
252 3.2820000000000005
253 3.225999999999999
254 3.2996000000000003
255 3.2444
256 3.2259999999999995
257 3.244000000000001
258 3.2119999999999993
259 3.1780000000000013
260 3.0824000000000003
261 3.1396
262 2.9984
263 3.0964000000000005
264 3.0787999999999998
265 3.008
266 3.096399999999999
267 2.9920000000000004
268 3.0044
269 2.9452
270 2.8712
271 2.880000000000001
272 2.8964000000000003
273 2.8484000000000003
274 2.8384000000000005
275 2.8008000000000006
276 2.8072
277 2.81
278 2.7207999999999997
279 2.7524
280 2.7708000000000004
281 2.7488
282 2.7272000000000003
283 2.7239999999999993
284 2.6336
285 2.72
286 2.651200000000001
287 2.6068000000000002
288 2.6395999999999997
289 2.6296
290 2.5751999999999997
291 2.494
292 2.5184
293 2.5336000000000003
294 2.4883999999999995
295 2.546
296 2.5216
297 2.476800000000001
298 2.4560000000000004
299 2.464
300 2.48
301 2.4456
302 2.4147999999999996
303 2.4115999999999995
304 2.4
305 2.3675999999999995
306 2.33
307 2.3371999999999997
308 2.3320000000000003
309 2.3040000000000003
310 2.3184
311 2.2596000000000003
312 2.2556
313 2.2839999999999994
314 2.2332
315 2.2488000000000006
316 2.2152000000000003
317 2.1688
318 2.1816000000000004
319 2.1852
320 2.16
321 2.1331999999999995
322 2.1228
323 2.1104
324 2.1408
325 2.0747999999999998
326 2.0704
327 2.0660000000000007
328 2.1039999999999996
329 2.003199999999999
330 1.9860000000000002
331 2.0144
332 1.9812000000000003
333 2.0512
334 1.9811999999999999
335 1.9184
336 1.9595999999999998
337 1.9812
338 1.9740000000000004
339 1.9444000000000004
340 1.9112000000000007
341 1.9711999999999998
342 1.8744000000000003
343 1.9176000000000002
344 1.8608000000000002
345 1.9072000000000002
346 1.8916
347 1.8528
348 1.8616000000000001
349 1.8239999999999998
350 1.8283999999999994
351 1.8060000000000003
352 1.824
353 1.7539999999999996
354 1.8124000000000005
355 1.8004
356 1.746
357 1.7515999999999994
358 1.7704
359 1.7592
360 1.7352
361 1.7792
362 1.7312
363 1.7099999999999997
364 1.7316000000000003
365 1.7007999999999999
366 1.6920000000000002
367 1.6864000000000001
368 1.6484
369 1.6244000000000003
370 1.6420000000000001
371 1.6492000000000002
372 1.6372000000000002
373 1.6456000000000004
374 1.5739999999999998
375 1.5983999999999998
376 1.6640000000000001
377 1.5703999999999996
378 1.6395999999999997
379 1.6144
380 1.5452000000000001
381 1.6064
382 1.5408
383 1.5667999999999995
384 1.5068000000000001
385 1.544
386 1.5612000000000001
387 1.5912
388 1.4860000000000002
389 1.4964000000000002
390 1.4872
391 1.51
392 1.4524
393 1.4979999999999998
394 1.4568
395 1.4756000000000002
396 1.4291999999999998
397 1.4616
398 1.4172000000000005
399 1.4283999999999997
400 1.4039999999999997
401 1.3736000000000002
402 1.3764
403 1.3844
404 1.3616
405 1.3660000000000003
406 1.4056000000000004
407 1.3728000000000007
408 1.3728
409 1.3672
410 1.378
411 1.372
412 1.3568
413 1.3676
414 1.3551999999999997
415 1.3452000000000002
416 1.3363999999999998
417 1.3468
418 1.3495999999999997
419 1.3015999999999999
420 1.3232
421 1.2848
422 1.2755999999999996
423 1.2367999999999997
424 1.2836
425 1.3120000000000003
426 1.2804000000000002
427 1.2827999999999997
428 1.2744000000000002
429 1.2648000000000001
430 1.222
431 1.2736
432 1.2648
433 1.2416
434 1.2499999999999998
435 1.2264
436 1.2047999999999999
437 1.2027999999999996
438 1.2176
439 1.2156
440 1.1564
441 1.1931999999999998
442 1.1907999999999996
443 1.2408
444 1.2052
445 1.1848
446 1.1603999999999999
447 1.1576
448 1.1440000000000001
449 1.1727999999999998
450 1.1247999999999998
451 1.1059999999999999
452 1.1152000000000002
453 1.1256
454 1.1199999999999999
455 1.1488
456 1.1096
457 1.1032000000000004
458 1.1116
459 1.1192000000000002
460 1.1083999999999998
461 1.0711999999999997
462 1.0708000000000002
463 1.0452000000000001
464 1.0812
465 1.0844000000000003
466 1.0708000000000002
467 1.1024
468 1.0996000000000001
469 1.0656
470 1.022
471 1.0368000000000002
472 1.0807999999999998
473 1.026
474 0.9936
475 1.0256
476 0.9844000000000002
477 1.0548000000000002
478 1.0231999999999999
479 1.036
480 1.0208000000000004
481 0.996
482 0.9832000000000001
483 0.968
484 0.9751999999999998
485 0.972
486 0.9832000000000002
487 0.9468000000000001
488 0.9623999999999999
489 0.9403999999999998
490 0.9916000000000001
491 0.9727999999999999
492 0.9904
493 0.9316
494 0.9612
495 0.9835999999999997
496 0.9599999999999999
497 0.9131999999999998
498 0.9672000000000003
499 0.9263999999999999
500 0.9511999999999997
501 0.9303999999999999
502 0.9064
503 0.9223999999999998
504 0.9388000000000001
505 0.8839999999999999
506 0.9324000000000001
507 0.8876000000000001
508 0.9016
509 0.8856
510 0.9100000000000003
511 0.8928000000000003
512 0.8839999999999999
513 0.8884000000000001
514 0.9000000000000001
515 0.8760000000000001
516 0.8656
517 0.8755999999999999
518 0.8835999999999999
519 0.8852
520 0.8624
521 0.8871999999999997
522 0.8572000000000002
523 0.8395999999999999
524 0.8296000000000001
525 0.8224000000000002
526 0.8483999999999999
527 0.8832
528 0.8555999999999999
529 0.8388000000000002
530 0.7979999999999998
531 0.8671999999999999
532 0.7784
533 0.8380000000000003
534 0.8359999999999999
535 0.8499999999999999
536 0.8428
537 0.8132
538 0.8275999999999999
539 0.7856000000000001
540 0.8128
541 0.7795999999999998
542 0.8056
543 0.8279999999999998
544 0.7712
545 0.7919999999999999
546 0.7508
547 0.7924000000000001
548 0.782
549 0.8004000000000001
550 0.7936000000000001
551 0.7632000000000001
552 0.7544
553 0.7748
554 0.762
555 0.7712
556 0.7780000000000001
557 0.7612000000000001
558 0.7659999999999999
559 0.7300000000000001
560 0.7463999999999997
561 0.7296
562 0.7608000000000001
563 0.7128
564 0.7156
565 0.7303999999999999
566 0.7411999999999999
567 0.6744
568 0.7127999999999999
569 0.7156000000000001
570 0.7272000000000002
571 0.7371999999999999
572 0.7148
573 0.7295999999999999
574 0.7136
575 0.7
576 0.6735999999999999
577 0.6712
578 0.7056
579 0.7192000000000001
580 0.6848000000000001
581 0.7079999999999999
582 0.6916
583 0.7
584 0.688
585 0.7012
586 0.6903999999999999
587 0.6947999999999999
588 0.7008
589 0.6552
590 0.6464000000000002
591 0.6812
592 0.6503999999999999
593 0.6644000000000001
594 0.6392
595 0.6556000000000001
596 0.664
597 0.6727999999999998
598 0.6244000000000001
599 0.6775999999999999
600 0.6488
601 0.6652000000000001
602 0.6656
603 0.6408
604 0.6507999999999999
605 0.6452000000000001
606 0.638
607 0.6175999999999999
608 0.6556000000000001
609 0.6284000000000001
610 0.6339999999999999
611 0.6368
612 0.6364000000000001
613 0.6144000000000002
614 0.628
615 0.6084
616 0.5992000000000001
617 0.6192000000000001
618 0.6295999999999999
619 0.6108
620 0.614
621 0.6052000000000001
622 0.6076
623 0.5807999999999999
624 0.6127999999999999
625 0.5988
626 0.6164000000000001
627 0.6056
628 0.6019999999999999
629 0.5976
630 0.5976
631 0.5720000000000001
632 0.5851999999999999
633 0.5795999999999999
634 0.5892000000000001
635 0.5904
636 0.5631999999999999
637 0.5584
638 0.5948
639 0.5740000000000001
640 0.5932
641 0.546
642 0.5764000000000001
643 0.5844
644 0.5512
645 0.5551999999999999
646 0.5436000000000001
647 0.5632
648 0.5619999999999999
649 0.5508000000000001
650 0.5359999999999999
651 0.5307999999999999
652 0.5232
653 0.5468000000000001
654 0.5444000000000002
655 0.5408000000000002
656 0.5508000000000001
657 0.552
658 0.5547999999999998
659 0.5132000000000001
660 0.5271999999999999
661 0.5352000000000001
662 0.5208
663 0.512
664 0.5236000000000001
665 0.5224000000000001
666 0.5272000000000002
667 0.514
668 0.5412
669 0.5220000000000001
670 0.5055999999999999
671 0.5124
672 0.5248000000000002
673 0.5032000000000001
674 0.5224
675 0.4808
676 0.4996
677 0.49040000000000006
678 0.47039999999999993
679 0.4931999999999999
680 0.4712000000000001
681 0.5028
682 0.49280000000000007
683 0.4968
684 0.5092
685 0.4768
686 0.478
687 0.4779999999999999
688 0.46799999999999997
689 0.4860000000000001
690 0.4916
691 0.43199999999999994
692 0.4888
693 0.47920000000000007
694 0.4628
695 0.4712000000000001
696 0.48160000000000003
697 0.4676000000000001
698 0.46319999999999995
699 0.49119999999999997
700 0.4608
701 0.4468
702 0.44440000000000013
703 0.45919999999999994
704 0.452
705 0.46360000000000007
706 0.44720000000000004
707 0.4599999999999999
708 0.452
709 0.44559999999999994
710 0.4768
711 0.4384
712 0.4568
713 0.4539999999999999
714 0.4496
715 0.4356000000000001
716 0.4572
717 0.45040000000000013
718 0.42840000000000006
719 0.4232
720 0.4396000000000001
721 0.4484
722 0.45280000000000004
723 0.4311999999999999
724 0.4364
725 0.46520000000000006
726 0.4468000000000001
727 0.4252000000000001
728 0.4084
729 0.44000000000000006
730 0.4296
731 0.4336
732 0.44880000000000003
733 0.40679999999999994
734 0.43920000000000015
735 0.4188
736 0.4260000000000001
737 0.41759999999999997
738 0.42560000000000003
739 0.43
740 0.42239999999999994
741 0.42279999999999995
742 0.38800000000000007
743 0.41319999999999996
744 0.4304
745 0.414
746 0.40800000000000014
747 0.38800000000000007
748 0.408
749 0.4004
750 0.3984
751 0.38720000000000004
752 0.392
753 0.3952000000000001
754 0.3988000000000001
755 0.3868
756 0.3948
757 0.3988000000000001
758 0.39960000000000007
759 0.40240000000000004
760 0.38600000000000007
761 0.384
762 0.37359999999999993
763 0.39879999999999993
764 0.3664
765 0.37479999999999997
766 0.3696
767 0.37160000000000004
768 0.3748
769 0.3808
770 0.3928000000000001
771 0.37440000000000007
772 0.3791999999999999
773 0.3544
774 0.38839999999999997
775 0.3868
776 0.3692
777 0.3347999999999999
778 0.3896
779 0.3852
780 0.3728
781 0.37240000000000006
782 0.3651999999999999
783 0.37720000000000004
784 0.3559999999999999
785 0.3784
786 0.3424000000000001
787 0.3539999999999999
788 0.3379999999999999
789 0.3703999999999999
790 0.33239999999999986
791 0.35239999999999994
792 0.36200000000000004
793 0.3636
794 0.35240000000000005
795 0.3668
796 0.3472
797 0.35519999999999996
798 0.3439999999999999
799 0.3492
800 0.3475999999999999
801 0.3476000000000001
802 0.3263999999999999
803 0.35119999999999996
804 0.35119999999999996
805 0.326
806 0.3640000000000001
807 0.32120000000000004
808 0.3496
809 0.3368
810 0.3459999999999999
811 0.32799999999999996
812 0.33120000000000005
813 0.33399999999999996
814 0.35080000000000006
815 0.34720000000000006
816 0.31640000000000007
817 0.3396
818 0.3428
819 0.33759999999999996
820 0.32199999999999995
821 0.33160000000000006
822 0.3292
823 0.31439999999999996
824 0.336
825 0.3204000000000001
826 0.32839999999999997
827 0.31160000000000004
828 0.3264000000000001
829 0.3136
830 0.314
831 0.3036
832 0.32880000000000004
833 0.3084
834 0.3348
835 0.31199999999999994
836 0.32880000000000004
837 0.3243999999999999
838 0.3016
839 0.2844
840 0.3296
841 0.3108
842 0.31279999999999997
843 0.29839999999999994
844 0.31520000000000004
845 0.31920000000000004
846 0.29280000000000006
847 0.2928
848 0.3092
849 0.2972
850 0.3124
851 0.30239999999999995
852 0.3012
853 0.2968
854 0.3015999999999999
855 0.3171999999999999
856 0.28920000000000007
857 0.30479999999999996
858 0.3084
859 0.30839999999999995
860 0.3208
861 0.2904
862 0.28
863 0.284
864 0.27920000000000006
865 0.3184
866 0.2748
867 0.28480000000000005
868 0.29359999999999997
869 0.2840000000000001
870 0.2752
871 0.29239999999999994
872 0.2832
873 0.29
874 0.2856000000000001
875 0.2624
876 0.28
877 0.3055999999999999
878 0.27959999999999996
879 0.2844
880 0.2724
881 0.2672
882 0.28600000000000003
883 0.28
884 0.2648
885 0.2708000000000001
886 0.27599999999999997
887 0.28119999999999995
888 0.28320000000000006
889 0.2728
890 0.276
891 0.27559999999999996
892 0.2644
893 0.2584
894 0.2764
895 0.28479999999999994
896 0.28280000000000005
897 0.2592
898 0.25920000000000004
899 0.2588
900 0.2596
901 0.2516
902 0.2504
903 0.2648
904 0.2684
905 0.27280000000000004
906 0.272
907 0.272
908 0.26480000000000004
909 0.26280000000000003
910 0.24200000000000002
911 0.25120000000000003
912 0.2584
913 0.2604
914 0.2532
915 0.2676
916 0.24959999999999996
917 0.24520000000000006
918 0.23920000000000002
919 0.24040000000000003
920 0.2420000000000001
921 0.24320000000000008
922 0.2612
923 0.24600000000000005
924 0.24160000000000004
925 0.26680000000000004
926 0.23800000000000004
927 0.2712
928 0.25800000000000006
929 0.23999999999999994
930 0.24080000000000001
931 0.2364000000000001
932 0.24000000000000007
933 0.24160000000000006
934 0.2284
935 0.2492
936 0.24400000000000002
937 0.23920000000000002
938 0.2584
939 0.24320000000000008
940 0.2468
941 0.23560000000000003
942 0.24519999999999997
943 0.25040000000000007
944 0.2292
945 0.22000000000000008
946 0.2432
947 0.24080000000000004
948 0.24560000000000007
949 0.2224
950 0.2244
951 0.23759999999999998
952 0.2236
953 0.22279999999999994
954 0.23160000000000003
955 0.23520000000000002
956 0.21599999999999997
957 0.23120000000000004
958 0.2356000000000001
959 0.22879999999999995
960 0.2224
961 0.22960000000000005
962 0.22759999999999994
963 0.24240000000000003
964 0.23200000000000004
965 0.23080000000000006
966 0.22200000000000003
967 0.23479999999999998
968 0.23160000000000003
969 0.21280000000000002
970 0.2220000000000001
971 0.21119999999999997
972 0.24320000000000008
973 0.2108
974 0.20959999999999998
975 0.21880000000000002
976 0.21880000000000005
977 0.21000000000000005
978 0.23400000000000007
979 0.20680000000000004
980 0.22840000000000008
981 0.21400000000000002
982 0.21080000000000004
983 0.2076000000000001
984 0.20919999999999997
985 0.21600000000000003
986 0.21800000000000005
987 0.21
988 0.21480000000000005
989 0.21999999999999997
990 0.20880000000000007
991 0.21840000000000004
992 0.20520000000000008
993 0.20560000000000003
994 0.204
995 0.19519999999999998
996 0.19519999999999998
997 0.1996
998 0.1996
999 0.18280000000000002
1000 0.19799999999999998
1001 0.20560000000000006
1002 0.19200000000000003
1003 0.19920000000000002
1004 0.19960000000000006
1005 0.20440000000000003
1006 0.19960000000000006
1007 0.20720000000000005
1008 0.19039999999999999
1009 0.20119999999999996
1010 0.20039999999999997
1011 0.1932
1012 0.19400000000000006
1013 0.1928
1014 0.1968
1015 0.2028000000000001
1016 0.19160000000000005
1017 0.1984
1018 0.1912
1019 0.20120000000000005
1020 0.1904
1021 0.18920000000000006
1022 0.18880000000000002
1023 0.18160000000000004
1024 0.18200000000000002
1025 0.18200000000000002
1026 0.18320000000000003
1027 0.18960000000000005
1028 0.20200000000000004
1029 0.19400000000000003
1030 0.19240000000000004
1031 0.1824
1032 0.18640000000000004
1033 0.20040000000000002
1034 0.198
1035 0.20040000000000002
1036 0.19840000000000002
1037 0.1824
1038 0.19200000000000003
1039 0.19880000000000003
1040 0.20120000000000005
1041 0.1948
1042 0.18320000000000003
1043 0.19360000000000008
1044 0.1804
1045 0.1924
1046 0.17280000000000004
1047 0.1748
1048 0.204
1049 0.1668
1050 0.17520000000000002
1051 0.18360000000000004
1052 0.18720000000000003
1053 0.19360000000000002
1054 0.1764
1055 0.17880000000000001
1056 0.17160000000000003
1057 0.16840000000000002
1058 0.1732
1059 0.174
1060 0.17600000000000005
1061 0.17479999999999996
1062 0.17079999999999998
1063 0.16599999999999998
1064 0.1832
1065 0.1928
1066 0.16240000000000002
1067 0.17840000000000003
1068 0.1696
1069 0.158
1070 0.17320000000000005
1071 0.18119999999999997
1072 0.1668
1073 0.15839999999999999
1074 0.1924
1075 0.17000000000000004
1076 0.1612
1077 0.17240000000000003
1078 0.18720000000000006
1079 0.18560000000000001
1080 0.15000000000000002
1081 0.17240000000000003
1082 0.17079999999999998
1083 0.1724
1084 0.16759999999999997
1085 0.17240000000000003
1086 0.1668
1087 0.16440000000000002
1088 0.16079999999999997
1089 0.15840000000000004
1090 0.15280000000000005
1091 0.15840000000000004
1092 0.17279999999999998
1093 0.15439999999999998
1094 0.1772
1095 0.16720000000000002
1096 0.16920000000000002
1097 0.15960000000000002
1098 0.16360000000000002
1099 0.17720000000000002
1100 0.16600000000000004
1101 0.1628
1102 0.16880000000000003
1103 0.1516
1104 0.1548
1105 0.1624
1106 0.16080000000000003
1107 0.1668
1108 0.16200000000000003
1109 0.15800000000000003
1110 0.158
1111 0.1408
1112 0.1744
1113 0.15839999999999999
1114 0.1588
1115 0.16080000000000003
1116 0.1612
1117 0.1504
1118 0.16400000000000003
1119 0.16
1120 0.16680000000000003
1121 0.16080000000000003
1122 0.15680000000000002
1123 0.14920000000000003
1124 0.15880000000000005
1125 0.15200000000000002
1126 0.14
1127 0.15680000000000002
1128 0.14839999999999998
1129 0.1472
1130 0.15280000000000002
1131 0.15559999999999996
1132 0.1576
1133 0.13840000000000002
1134 0.162
1135 0.158
1136 0.14
1137 0.16200000000000003
1138 0.14800000000000002
1139 0.14960000000000004
1140 0.1552
1141 0.13920000000000002
1142 0.15280000000000002
1143 0.1576
1144 0.15080000000000002
1145 0.14400000000000002
1146 0.13679999999999998
1147 0.15200000000000002
1148 0.13600000000000004
1149 0.1352
1150 0.1424
1151 0.14160000000000003
1152 0.14959999999999998
1153 0.146
1154 0.1372
1155 0.13399999999999998
1156 0.1416
1157 0.13159999999999997
1158 0.14160000000000003
1159 0.14040000000000002
1160 0.15199999999999997
1161 0.13879999999999998
1162 0.1324
1163 0.142
1164 0.13
1165 0.146
1166 0.1412
1167 0.1332
1168 0.13
1169 0.13240000000000002
1170 0.11560000000000001
1171 0.14
1172 0.1332
1173 0.142
1174 0.13399999999999998
1175 0.13240000000000002
1176 0.1268
1177 0.1332
1178 0.1392
1179 0.13560000000000003
1180 0.13479999999999998
1181 0.13520000000000004
1182 0.1352
1183 0.1288
1184 0.15
1185 0.1332
1186 0.1232
1187 0.1308
1188 0.136
1189 0.1284
1190 0.1304
1191 0.13680000000000003
1192 0.12599999999999997
1193 0.1288
1194 0.13120000000000004
1195 0.12400000000000004
1196 0.1308
1197 0.14800000000000002
1198 0.1288
1199 0.134
1200 0.12680000000000002
1201 0.13479999999999998
1202 0.13359999999999997
1203 0.12440000000000002
1204 0.13479999999999998
1205 0.14040000000000002
1206 0.1288
1207 0.1344
1208 0.128
1209 0.1144
1210 0.13200000000000003
1211 0.118
1212 0.13759999999999997
1213 0.128
1214 0.12479999999999998
1215 0.12080000000000002
1216 0.1268
1217 0.1164
1218 0.12479999999999998
1219 0.13319999999999996
1220 0.12999999999999998
1221 0.13120000000000004
1222 0.106
1223 0.12760000000000002
1224 0.10999999999999999
1225 0.12120000000000003
1226 0.10919999999999998
1227 0.12720000000000004
1228 0.11000000000000004
1229 0.11680000000000001
1230 0.1388
1231 0.1252
1232 0.11960000000000001
1233 0.122
1234 0.114
1235 0.12560000000000002
1236 0.12360000000000003
1237 0.10959999999999999
1238 0.12519999999999998
1239 0.124
1240 0.1252
1241 0.126
1242 0.12200000000000005
1243 0.12840000000000001
1244 0.1192
1245 0.12600000000000003
1246 0.11320000000000002
1247 0.11560000000000002
1248 0.11920000000000001
1249 0.11120000000000002
1250 0.1176
1251 0.11960000000000001
1252 0.11599999999999998
1253 0.11840000000000002
1254 0.11120000000000002
1255 0.13360000000000005
1256 0.12360000000000002
1257 0.09800000000000003
1258 0.11560000000000001
1259 0.12680000000000002
1260 0.12720000000000004
1261 0.114
1262 0.11040000000000001
1263 0.1152
1264 0.11320000000000001
1265 0.10480000000000002
1266 0.11
1267 0.1088
1268 0.1032
1269 0.09800000000000003
1270 0.10920000000000003
1271 0.10840000000000001
1272 0.11480000000000003
1273 0.1084
1274 0.10920000000000003
1275 0.1012
1276 0.11160000000000002
1277 0.11760000000000004
1278 0.11440000000000002
1279 0.10799999999999998
1280 0.10080000000000001
1281 0.09280000000000001
1282 0.09840000000000003
1283 0.10120000000000003
1284 0.10680000000000002
1285 0.11120000000000001
1286 0.10720000000000002
1287 0.1032
1288 0.11839999999999998
1289 0.10000000000000002
1290 0.10600000000000004
1291 0.11160000000000002
1292 0.10640000000000002
1293 0.1036
1294 0.10039999999999999
1295 0.10479999999999999
1296 0.10039999999999999
1297 0.09920000000000004
1298 0.10160000000000002
1299 0.09320000000000002
1300 0.09480000000000002
1301 0.09920000000000001
1302 0.09920000000000004
1303 0.10719999999999999
1304 0.10240000000000002
1305 0.10120000000000003
1306 0.09600000000000002
1307 0.10120000000000001
1308 0.09160000000000001
1309 0.0928
1310 0.10000000000000003
1311 0.0964
1312 0.09920000000000001
1313 0.09400000000000003
1314 0.1004
1315 0.1044
1316 0.11080000000000004
1317 0.09879999999999999
1318 0.08840000000000002
1319 0.09280000000000004
1320 0.09800000000000003
1321 0.09160000000000001
1322 0.10960000000000004
1323 0.08920000000000002
1324 0.1008
1325 0.10040000000000003
1326 0.10200000000000001
1327 0.08800000000000004
1328 0.1036
1329 0.09840000000000002
1330 0.09000000000000004
1331 0.10680000000000002
1332 0.09600000000000002
1333 0.09680000000000004
1334 0.10520000000000002
1335 0.09360000000000003
1336 0.09760000000000002
1337 0.1016
1338 0.07800000000000004
1339 0.09920000000000004
1340 0.09400000000000003
1341 0.09080000000000002
1342 0.09640000000000003
1343 0.09520000000000003
1344 0.09240000000000002
1345 0.09680000000000001
1346 0.0892
1347 0.1052
1348 0.09200000000000001
1349 0.0924
1350 0.09000000000000002
1351 0.09360000000000003
1352 0.08840000000000002
1353 0.08520000000000001
1354 0.09120000000000003
1355 0.08959999999999999
1356 0.0964
1357 0.09359999999999999
1358 0.09560000000000002
1359 0.09520000000000003
1360 0.0876
1361 0.09040000000000002
1362 0.09400000000000003
1363 0.09200000000000003
1364 0.0952
1365 0.08960000000000003
1366 0.08600000000000002
1367 0.09400000000000003
1368 0.0956
1369 0.08680000000000003
1370 0.08600000000000003
1371 0.09280000000000004
1372 0.09480000000000002
1373 0.08720000000000003
1374 0.07960000000000003
1375 0.08920000000000002
1376 0.08080000000000002
1377 0.0868
1378 0.0916
1379 0.08640000000000002
1380 0.07960000000000003
1381 0.08200000000000002
1382 0.08320000000000002
1383 0.08280000000000003
1384 0.08440000000000003
1385 0.08760000000000001
1386 0.08840000000000002
1387 0.07960000000000003
1388 0.08160000000000003
1389 0.0956
1390 0.08680000000000002
1391 0.09360000000000003
1392 0.09160000000000004
1393 0.08480000000000003
1394 0.08440000000000003
1395 0.08200000000000003
1396 0.0924
1397 0.08600000000000002
1398 0.08680000000000003
1399 0.0864
1400 0.08160000000000002
1401 0.08960000000000003
1402 0.08160000000000003
1403 0.07920000000000002
1404 0.08320000000000002
1405 0.08120000000000002
1406 0.08720000000000003
1407 0.08480000000000004
1408 0.08880000000000003
1409 0.07600000000000003
1410 0.08440000000000003
1411 0.08520000000000001
1412 0.08240000000000001
1413 0.07720000000000002
1414 0.08960000000000001
1415 0.07040000000000002
1416 0.07600000000000003
1417 0.0932
1418 0.08320000000000004
1419 0.08160000000000003
1420 0.08640000000000002
1421 0.07600000000000003
1422 0.07960000000000003
1423 0.08560000000000002
1424 0.0796
1425 0.08800000000000002
1426 0.09320000000000002
1427 0.06680000000000001
1428 0.084
1429 0.07360000000000003
1430 0.07760000000000003
1431 0.06920000000000001
1432 0.07400000000000002
1433 0.07240000000000003
1434 0.08200000000000002
1435 0.08000000000000003
1436 0.06880000000000001
1437 0.08320000000000004
1438 0.06920000000000004
1439 0.07640000000000002
1440 0.07960000000000003
1441 0.08640000000000002
1442 0.07280000000000003
1443 0.07000000000000003
1444 0.08160000000000003
1445 0.07720000000000002
1446 0.07440000000000004
1447 0.07960000000000003
1448 0.07520000000000003
1449 0.06800000000000002
1450 0.07680000000000003
1451 0.07160000000000002
1452 0.07440000000000004
1453 0.06480000000000001
1454 0.07560000000000003
1455 0.07400000000000001
1456 0.07880000000000002
1457 0.08280000000000003
1458 0.07080000000000003
1459 0.07760000000000004
1460 0.06920000000000003
1461 0.07200000000000002
1462 0.07000000000000002
1463 0.06400000000000002
1464 0.08640000000000005
1465 0.06680000000000003
1466 0.06600000000000002
1467 0.06880000000000003
1468 0.07400000000000002
1469 0.06840000000000003
1470 0.07160000000000002
1471 0.07160000000000004
1472 0.07160000000000004
1473 0.07800000000000001
1474 0.07400000000000002
1475 0.07480000000000003
1476 0.07680000000000003
1477 0.07200000000000001
1478 0.07160000000000004
1479 0.06920000000000003
1480 0.06920000000000001
1481 0.06160000000000001
1482 0.06480000000000002
1483 0.06800000000000002
1484 0.07080000000000003
1485 0.07120000000000003
1486 0.06800000000000002
1487 0.06840000000000003
1488 0.07760000000000003
1489 0.06560000000000003
1490 0.06600000000000002
1491 0.06200000000000001
1492 0.06160000000000003
1493 0.07480000000000003
1494 0.07440000000000001
1495 0.07200000000000002
1496 0.05600000000000003
1497 0.06760000000000002
1498 0.06240000000000003
1499 0.06320000000000002
1500 0.06880000000000003
1501 0.06280000000000002
1502 0.06880000000000003
1503 0.056400000000000027
1504 0.07040000000000002
1505 0.07160000000000005
1506 0.07160000000000002
1507 0.06320000000000003
1508 0.0632
1509 0.06080000000000002
1510 0.06320000000000002
1511 0.06600000000000003
1512 0.07280000000000003
1513 0.07160000000000001
1514 0.08080000000000002
1515 0.07520000000000002
1516 0.06280000000000002
1517 0.058400000000000014
1518 0.06440000000000003
1519 0.07440000000000004
1520 0.06480000000000002
1521 0.06280000000000002
1522 0.06800000000000002
1523 0.06920000000000004
1524 0.060400000000000016
1525 0.061200000000000025
1526 0.06200000000000002
1527 0.07120000000000003
1528 0.07400000000000002
1529 0.06520000000000002
1530 0.07160000000000002
1531 0.061600000000000016
1532 0.0548
1533 0.06240000000000002
1534 0.06680000000000003
1535 0.06840000000000003
1536 0.061600000000000016
1537 0.06520000000000001
1538 0.06440000000000003
1539 0.07200000000000002
1540 0.061600000000000016
1541 0.06560000000000003
1542 0.06520000000000002
1543 0.06840000000000002
1544 0.06560000000000003
1545 0.06240000000000002
1546 0.07400000000000002
1547 0.06720000000000002
1548 0.05920000000000002
1549 0.06440000000000003
1550 0.06120000000000002
1551 0.06000000000000002
1552 0.06240000000000003
1553 0.050800000000000026
1554 0.06040000000000003
1555 0.05680000000000003
1556 0.06440000000000003
1557 0.05520000000000002
1558 0.06400000000000002
1559 0.057600000000000026
1560 0.06080000000000003
1561 0.056800000000000024
1562 0.058400000000000014
1563 0.05920000000000002
1564 0.05880000000000002
1565 0.060800000000000035
1566 0.06600000000000002
1567 0.06080000000000002
1568 0.057200000000000015
1569 0.06240000000000003
1570 0.058800000000000026
1571 0.058400000000000014
1572 0.049600000000000026
1573 0.05200000000000002
1574 0.06400000000000002
1575 0.06920000000000001
1576 0.06360000000000002
1577 0.06040000000000003
1578 0.05400000000000002
1579 0.057200000000000036
1580 0.0632
1581 0.05600000000000003
1582 0.06560000000000002
1583 0.052000000000000025
1584 0.05840000000000003
1585 0.06240000000000002
1586 0.05800000000000002
1587 0.06200000000000003
1588 0.05280000000000002
1589 0.060400000000000016
1590 0.05920000000000002
1591 0.05760000000000001
1592 0.06360000000000002
1593 0.05640000000000001
1594 0.054400000000000025
1595 0.045600000000000016
1596 0.05600000000000002
1597 0.058800000000000026
1598 0.05920000000000002
1599 0.05720000000000002
1600 0.05320000000000003
1601 0.05800000000000003
1602 0.05360000000000001
1603 0.054400000000000025
1604 0.049600000000000005
1605 0.04920000000000001
1606 0.05920000000000002
1607 0.06000000000000001
1608 0.06080000000000003
1609 0.04440000000000002
1610 0.04800000000000002
1611 0.048400000000000026
1612 0.05040000000000002
1613 0.05680000000000002
1614 0.055600000000000004
1615 0.05840000000000003
1616 0.05360000000000002
1617 0.045600000000000016
1618 0.05320000000000001
1619 0.04800000000000001
1620 0.050800000000000026
1621 0.055200000000000034
1622 0.05480000000000002
1623 0.04240000000000002
1624 0.056800000000000024
1625 0.05080000000000002
1626 0.05880000000000002
1627 0.04800000000000002
1628 0.055600000000000024
1629 0.04880000000000002
1630 0.05200000000000002
1631 0.057600000000000026
1632 0.049600000000000026
1633 0.04840000000000002
1634 0.051200000000000016
1635 0.047600000000000024
1636 0.05480000000000002
1637 0.05920000000000002
1638 0.05080000000000002
1639 0.0456
1640 0.05720000000000002
1641 0.04480000000000002
1642 0.056400000000000027
1643 0.046800000000000015
1644 0.052800000000000014
1645 0.048400000000000006
1646 0.047200000000000006
1647 0.04400000000000001
1648 0.058400000000000035
1649 0.05080000000000002
1650 0.05280000000000002
1651 0.04320000000000002
1652 0.04920000000000001
1653 0.051200000000000016
1654 0.048400000000000026
1655 0.04560000000000002
1656 0.05320000000000003
1657 0.048000000000000015
1658 0.04960000000000002
1659 0.04720000000000001
1660 0.05320000000000002
1661 0.047600000000000024
1662 0.05040000000000003
1663 0.054400000000000025
1664 0.04880000000000001
1665 0.05360000000000002
1666 0.045200000000000025
1667 0.04120000000000001
1668 0.04760000000000002
1669 0.04280000000000001
1670 0.05000000000000002
1671 0.04320000000000002
1672 0.04840000000000002
1673 0.04760000000000002
1674 0.044400000000000016
1675 0.048400000000000006
1676 0.05320000000000002
1677 0.05040000000000002
1678 0.0496
1679 0.045600000000000016
1680 0.04800000000000001
1681 0.04960000000000002
1682 0.04600000000000002
1683 0.055600000000000024
1684 0.05440000000000001
1685 0.04960000000000002
1686 0.04600000000000001
1687 0.045200000000000025
1688 0.04320000000000001
1689 0.04520000000000001
1690 0.05280000000000002
1691 0.04120000000000001
1692 0.03600000000000001
1693 0.04400000000000002
1694 0.045600000000000016
1695 0.04080000000000002
1696 0.055600000000000024
1697 0.05080000000000002
1698 0.03680000000000001
1699 0.045600000000000016
1700 0.048000000000000015
1701 0.05000000000000002
1702 0.04040000000000002
1703 0.043600000000000014
1704 0.042400000000000014
1705 0.04360000000000002
1706 0.0456
1707 0.03960000000000002
1708 0.045600000000000016
1709 0.04600000000000001
1710 0.0436
1711 0.04200000000000001
1712 0.040000000000000015
1713 0.0436
1714 0.04840000000000002
1715 0.04520000000000001
1716 0.04400000000000002
1717 0.0444
1718 0.049200000000000015
1719 0.04200000000000001
1720 0.03960000000000001
1721 0.04320000000000001
1722 0.04640000000000002
1723 0.056000000000000015
1724 0.03960000000000002
1725 0.04320000000000001
1726 0.04400000000000001
1727 0.042400000000000014
1728 0.03960000000000001
1729 0.035600000000000014
1730 0.03880000000000001
1731 0.043600000000000014
1732 0.045200000000000025
1733 0.037600000000000015
1734 0.04080000000000001
1735 0.044400000000000016
1736 0.03800000000000001
1737 0.043600000000000014
1738 0.0404
1739 0.05400000000000002
1740 0.03960000000000001
1741 0.04400000000000001
1742 0.04440000000000002
1743 0.04440000000000002
1744 0.037600000000000015
1745 0.04680000000000001
1746 0.04320000000000001
1747 0.04080000000000001
1748 0.045600000000000016
1749 0.03960000000000001
1750 0.04000000000000001
1751 0.03960000000000002
1752 0.03800000000000001
1753 0.04680000000000002
1754 0.036000000000000004
1755 0.04200000000000001
1756 0.04120000000000001
1757 0.03800000000000001
1758 0.03680000000000001
1759 0.04080000000000001
1760 0.04120000000000001
1761 0.04080000000000001
1762 0.03480000000000001
1763 0.03720000000000002
1764 0.04160000000000002
1765 0.04640000000000002
1766 0.04280000000000001
1767 0.042400000000000014
1768 0.039200000000000006
1769 0.038800000000000015
1770 0.03960000000000001
1771 0.04560000000000002
1772 0.04160000000000001
1773 0.04120000000000002
1774 0.033200000000000014
1775 0.03680000000000001
1776 0.040000000000000015
1777 0.04600000000000001
1778 0.04280000000000002
1779 0.04680000000000002
1780 0.037600000000000015
1781 0.04240000000000002
1782 0.046800000000000015
1783 0.04080000000000002
1784 0.036400000000000016
1785 0.040000000000000015
1786 0.03480000000000001
1787 0.03720000000000002
1788 0.04120000000000001
1789 0.042
1790 0.03800000000000001
1791 0.0436
1792 0.04600000000000001
1793 0.03960000000000001
1794 0.03480000000000001
1795 0.03480000000000001
1796 0.035200000000000016
1797 0.03960000000000002
1798 0.04400000000000001
1799 0.04080000000000002
1800 0.04000000000000001
1801 0.03640000000000001
1802 0.03720000000000002
1803 0.0352
1804 0.03600000000000001
1805 0.036400000000000016
1806 0.03760000000000001
1807 0.040000000000000015
1808 0.034800000000000005
1809 0.03360000000000001
1810 0.035200000000000016
1811 0.03520000000000001
1812 0.04400000000000001
1813 0.034800000000000005
1814 0.04320000000000001
1815 0.02760000000000001
1816 0.046800000000000015
1817 0.04240000000000002
1818 0.04800000000000002
1819 0.03160000000000001
1820 0.033200000000000014
1821 0.03720000000000002
1822 0.03840000000000002
1823 0.03760000000000001
1824 0.0332
1825 0.034400000000000014
1826 0.03480000000000001
1827 0.03360000000000001
1828 0.02960000000000001
1829 0.0356
1830 0.033600000000000005
1831 0.04240000000000002
1832 0.04320000000000001
1833 0.036000000000000004
1834 0.03640000000000001
1835 0.03600000000000001
1836 0.03960000000000001
1837 0.03800000000000001
1838 0.03960000000000001
1839 0.037200000000000004
1840 0.03920000000000002
1841 0.03600000000000001
1842 0.033200000000000014
1843 0.03560000000000001
1844 0.029600000000000005
1845 0.033200000000000014
1846 0.034400000000000014
1847 0.033200000000000014
1848 0.031200000000000016
1849 0.03600000000000001
1850 0.032400000000000005
1851 0.028400000000000012
1852 0.03120000000000001
1853 0.03480000000000001
1854 0.03960000000000001
1855 0.024800000000000003
1856 0.03160000000000001
1857 0.030800000000000008
1858 0.03320000000000001
1859 0.036400000000000016
1860 0.035600000000000014
1861 0.03240000000000001
1862 0.032400000000000005
1863 0.03880000000000001
1864 0.034
1865 0.028800000000000006
1866 0.03720000000000002
1867 0.03360000000000001
1868 0.026800000000000004
1869 0.03120000000000001
1870 0.033200000000000014
1871 0.03440000000000001
1872 0.02840000000000001
1873 0.03160000000000001
1874 0.029600000000000008
1875 0.030800000000000008
1876 0.035600000000000014
1877 0.033200000000000014
1878 0.029600000000000008
1879 0.029600000000000008
1880 0.03600000000000001
1881 0.033600000000000005
1882 0.0284
1883 0.036000000000000004
1884 0.03160000000000001
1885 0.035600000000000014
1886 0.030400000000000014
1887 0.028800000000000013
1888 0.03120000000000001
1889 0.03360000000000001
1890 0.030000000000000006
1891 0.038800000000000015
1892 0.03400000000000001
1893 0.03840000000000002
1894 0.03000000000000001
1895 0.025600000000000005
1896 0.027600000000000006
1897 0.034400000000000014
1898 0.03000000000000001
1899 0.028800000000000006
1900 0.03400000000000001
1901 0.02840000000000001
1902 0.03720000000000002
1903 0.030400000000000014
1904 0.03160000000000002
1905 0.0316
1906 0.028800000000000003
1907 0.026000000000000006
1908 0.030800000000000004
1909 0.03560000000000001
1910 0.03200000000000001
1911 0.03000000000000001
1912 0.034400000000000014
1913 0.03440000000000001
1914 0.03200000000000001
1915 0.025600000000000005
1916 0.029600000000000008
1917 0.036000000000000004
1918 0.03200000000000001
1919 0.029200000000000014
1920 0.033200000000000014
1921 0.025600000000000005
1922 0.029200000000000007
1923 0.023600000000000003
1924 0.03200000000000001
1925 0.03120000000000001
1926 0.030800000000000008
1927 0.026000000000000006
1928 0.027200000000000012
1929 0.026800000000000004
1930 0.03000000000000001
1931 0.03040000000000001
1932 0.03000000000000001
1933 0.03160000000000001
1934 0.032000000000000015
1935 0.035600000000000014
1936 0.029200000000000007
1937 0.03600000000000001
1938 0.03120000000000001
1939 0.03480000000000001
1940 0.02320000000000001
1941 0.030800000000000004
1942 0.03240000000000001
1943 0.029600000000000008
1944 0.026400000000000007
1945 0.027200000000000005
1946 0.02760000000000001
1947 0.027600000000000006
1948 0.03160000000000002
1949 0.028800000000000006
1950 0.033200000000000014
1951 0.025600000000000005
1952 0.029600000000000008
1953 0.0228
1954 0.0284
1955 0.027600000000000006
1956 0.026000000000000006
1957 0.03560000000000002
1958 0.03280000000000001
1959 0.03040000000000001
1960 0.037600000000000015
1961 0.03600000000000001
1962 0.029200000000000007
1963 0.030000000000000013
1964 0.02840000000000001
1965 0.029600000000000008
1966 0.03360000000000001
1967 0.033200000000000014
1968 0.025200000000000004
1969 0.0292
1970 0.0296
1971 0.024800000000000003
1972 0.026400000000000007
1973 0.027600000000000006
1974 0.028000000000000008
1975 0.0232
1976 0.030800000000000008
1977 0.02840000000000001
1978 0.02320000000000001
1979 0.0272
1980 0.02600000000000001
1981 0.028800000000000006
1982 0.03040000000000001
1983 0.025600000000000005
1984 0.025200000000000004
1985 0.031200000000000002
1986 0.031200000000000002
1987 0.029600000000000008
1988 0.03040000000000001
1989 0.026000000000000006
1990 0.0212
1991 0.02600000000000001
1992 0.02680000000000001
1993 0.02440000000000001
1994 0.025600000000000008
1995 0.026800000000000004
1996 0.03360000000000001
1997 0.03600000000000001
1998 0.026800000000000004
1999 0.03280000000000001
2000 0.023600000000000003
2001 0.027200000000000005
2002 0.025600000000000005
2003 0.022400000000000007
2004 0.028400000000000012
2005 0.024000000000000004
2006 0.029600000000000008
2007 0.026000000000000006
2008 0.025200000000000004
2009 0.03120000000000001
2010 0.027200000000000005
2011 0.029600000000000008
2012 0.0256
2013 0.027200000000000012
2014 0.02640000000000001
2015 0.023200000000000002
2016 0.024799999999999996
2017 0.03000000000000001
2018 0.026800000000000004
2019 0.03400000000000001
2020 0.026800000000000004
2021 0.02600000000000001
2022 0.020400000000000005
2023 0.028800000000000006
2024 0.026000000000000006
2025 0.025600000000000005
2026 0.031200000000000016
2027 0.02120000000000001
2028 0.02160000000000001
2029 0.025600000000000005
2030 0.024000000000000004
2031 0.0248
2032 0.028000000000000008
2033 0.029200000000000007
2034 0.029600000000000008
2035 0.02800000000000001
2036 0.019600000000000003
2037 0.022000000000000002
2038 0.023200000000000002
2039 0.0292
2040 0.024000000000000004
2041 0.029200000000000007
2042 0.02600000000000001
2043 0.022400000000000007
2044 0.025600000000000005
2045 0.022000000000000006
2046 0.024800000000000003
2047 0.022400000000000003
2048 0.026400000000000007
2049 0.026000000000000006
2050 0.027600000000000006
2051 0.023600000000000003
2052 0.027600000000000006
2053 0.022400000000000003
2054 0.02800000000000001
2055 0.025200000000000004
2056 0.02320000000000001
2057 0.020000000000000004
2058 0.0228
2059 0.021200000000000007
2060 0.02640000000000001
2061 0.022400000000000007
2062 0.026000000000000006
2063 0.022400000000000003
2064 0.02200000000000001
2065 0.020000000000000004
2066 0.0228
2067 0.022800000000000008
2068 0.025200000000000004
2069 0.020800000000000006
2070 0.022400000000000007
2071 0.027600000000000006
2072 0.0196
2073 0.02600000000000001
2074 0.0248
2075 0.0228
2076 0.026000000000000006
2077 0.024400000000000005
2078 0.0204
2079 0.022400000000000003
2080 0.023600000000000006
2081 0.023600000000000006
2082 0.020400000000000005
2083 0.0208
2084 0.026399999999999996
2085 0.018800000000000004
2086 0.022400000000000003
2087 0.02320000000000001
2088 0.0268
2089 0.020800000000000006
2090 0.02480000000000001
2091 0.026800000000000004
2092 0.023200000000000002
2093 0.0196
2094 0.027600000000000006
2095 0.024000000000000007
2096 0.021600000000000005
2097 0.023600000000000003
2098 0.018800000000000004
2099 0.02480000000000001
2100 0.018000000000000006
2101 0.018400000000000003
2102 0.0272
2103 0.027200000000000005
2104 0.028000000000000008
2105 0.018400000000000003
2106 0.028800000000000006
2107 0.02440000000000001
2108 0.019600000000000003
2109 0.02
2110 0.026000000000000006
2111 0.020400000000000005
2112 0.02520000000000001
2113 0.024000000000000007
2114 0.022400000000000007
2115 0.024800000000000003
2116 0.019600000000000003
2117 0.022
2118 0.0176
2119 0.02600000000000001
2120 0.02840000000000001
2121 0.024800000000000003
2122 0.019600000000000003
2123 0.024399999999999998
2124 0.018800000000000004
2125 0.0196
2126 0.020400000000000005
2127 0.023600000000000006
2128 0.018000000000000006
2129 0.018000000000000002
2130 0.0204
2131 0.019200000000000005
2132 0.019600000000000003
2133 0.0228
2134 0.024000000000000004
2135 0.0216
2136 0.023200000000000002
2137 0.017200000000000007
2138 0.022400000000000007
2139 0.022000000000000006
2140 0.018
2141 0.0228
2142 0.019200000000000005
2143 0.01960000000000001
2144 0.019200000000000005
2145 0.024000000000000004
2146 0.021200000000000007
2147 0.016
2148 0.019200000000000005
2149 0.023200000000000002
2150 0.020400000000000005
2151 0.023600000000000006
2152 0.0228
2153 0.022000000000000006
2154 0.017200000000000007
2155 0.020000000000000004
2156 0.018400000000000003
2157 0.022800000000000008
2158 0.0212
2159 0.018000000000000006
2160 0.024800000000000003
2161 0.021600000000000005
2162 0.014800000000000002
2163 0.018400000000000003
2164 0.020000000000000004
2165 0.022400000000000007
2166 0.017600000000000008
2167 0.022400000000000003
2168 0.016800000000000006
2169 0.0196
2170 0.015600000000000003
2171 0.0216
2172 0.017200000000000003
2173 0.020000000000000007
2174 0.0216
2175 0.018800000000000004
2176 0.0236
2177 0.019200000000000005
2178 0.0148
2179 0.0196
2180 0.017600000000000008
2181 0.018000000000000002
2182 0.0212
2183 0.016400000000000005
2184 0.0164
2185 0.016800000000000002
2186 0.0196
2187 0.021600000000000005
2188 0.015600000000000004
2189 0.018400000000000007
2190 0.020800000000000006
2191 0.0176
2192 0.017200000000000007
2193 0.02480000000000001
2194 0.020000000000000004
2195 0.018000000000000002
2196 0.016800000000000002
2197 0.024000000000000004
2198 0.016400000000000005
2199 0.020400000000000005
2200 0.018400000000000003
2201 0.0208
2202 0.0212
2203 0.017600000000000005
2204 0.02320000000000001
2205 0.022400000000000007
2206 0.02
2207 0.014800000000000004
2208 0.0212
2209 0.016400000000000005
2210 0.014000000000000004
2211 0.0208
2212 0.020400000000000005
2213 0.017200000000000003
2214 0.019200000000000005
2215 0.023200000000000012
2216 0.016000000000000004
2217 0.0132
2218 0.019599999999999996
2219 0.017200000000000003
2220 0.021200000000000007
2221 0.015200000000000002
2222 0.016800000000000002
2223 0.020400000000000005
2224 0.017200000000000003
2225 0.018400000000000003
2226 0.014800000000000004
2227 0.017600000000000008
2228 0.015600000000000004
2229 0.015200000000000005
2230 0.018400000000000003
2231 0.0164
2232 0.014400000000000003
2233 0.018800000000000004
2234 0.021600000000000005
2235 0.0164
2236 0.015600000000000003
2237 0.018000000000000002
2238 0.0192
2239 0.017200000000000007
2240 0.014800000000000002
2241 0.016800000000000006
2242 0.016
2243 0.015600000000000004
2244 0.018800000000000004
2245 0.022800000000000008
2246 0.015600000000000001
2247 0.014400000000000003
2248 0.014400000000000001
2249 0.018400000000000003
2250 0.015200000000000005
2251 0.013200000000000003
2252 0.014800000000000004
2253 0.018400000000000007
2254 0.0188
2255 0.013600000000000003
2256 0.014800000000000004
2257 0.018
2258 0.014000000000000002
2259 0.020000000000000004
2260 0.014000000000000004
2261 0.0204
2262 0.019200000000000005
2263 0.018800000000000004
2264 0.013600000000000003
2265 0.019600000000000003
2266 0.013600000000000003
2267 0.019200000000000002
2268 0.0164
2269 0.0208
2270 0.020400000000000005
2271 0.013200000000000003
2272 0.015200000000000005
2273 0.018400000000000003
2274 0.016000000000000004
2275 0.016
2276 0.019600000000000003
2277 0.012800000000000004
2278 0.016000000000000004
2279 0.018400000000000003
2280 0.016800000000000002
2281 0.014800000000000004
2282 0.019200000000000005
2283 0.0144
2284 0.0208
2285 0.019600000000000003
2286 0.013199999999999998
2287 0.016800000000000002
2288 0.020400000000000005
2289 0.014400000000000003
2290 0.014400000000000003
2291 0.011600000000000001
2292 0.015600000000000004
2293 0.017200000000000003
2294 0.014400000000000003
2295 0.016800000000000006
2296 0.016
2297 0.013600000000000001
2298 0.018000000000000006
2299 0.016800000000000002
2300 0.0132
2301 0.014800000000000004
2302 0.018000000000000002
2303 0.0132
2304 0.014400000000000003
2305 0.015600000000000004
2306 0.0144
2307 0.0212
2308 0.012800000000000004
2309 0.014400000000000003
2310 0.014000000000000004
2311 0.016400000000000005
2312 0.016800000000000006
2313 0.014400000000000001
2314 0.010400000000000003
2315 0.016800000000000002
2316 0.012400000000000001
2317 0.013600000000000001
2318 0.018000000000000002
2319 0.02080000000000001
2320 0.019600000000000003
2321 0.01920000000000001
2322 0.013600000000000003
2323 0.015600000000000001
2324 0.020400000000000005
2325 0.017200000000000003
2326 0.011200000000000002
2327 0.012800000000000002
2328 0.017600000000000008
2329 0.020800000000000006
2330 0.0184
2331 0.017600000000000008
2332 0.018800000000000004
2333 0.014000000000000004
2334 0.016400000000000005
2335 0.020000000000000004
2336 0.0192
2337 0.015200000000000005
2338 0.018000000000000002
2339 0.020000000000000007
2340 0.016400000000000005
2341 0.0196
2342 0.016800000000000002
2343 0.019200000000000005
2344 0.014800000000000002
2345 0.014800000000000004
2346 0.0128
2347 0.013200000000000003
2348 0.015600000000000003
2349 0.014400000000000003
2350 0.0148
2351 0.013600000000000003
2352 0.0072
2353 0.013600000000000001
2354 0.011600000000000004
2355 0.016800000000000006
2356 0.017200000000000003
2357 0.0212
2358 0.012000000000000002
2359 0.012000000000000002
2360 0.017200000000000003
2361 0.014800000000000004
2362 0.008800000000000002
2363 0.015599999999999998
2364 0.015600000000000004
2365 0.0116
2366 0.013600000000000003
2367 0.012000000000000002
2368 0.014800000000000004
2369 0.014400000000000003
2370 0.014400000000000003
2371 0.011600000000000001
2372 0.014400000000000007
2373 0.012000000000000002
2374 0.0128
2375 0.0108
2376 0.014399999999999998
2377 0.012800000000000004
2378 0.017600000000000008
2379 0.012000000000000002
2380 0.014000000000000002
2381 0.012800000000000002
2382 0.017600000000000005
2383 0.014800000000000004
2384 0.016800000000000002
2385 0.012000000000000002
2386 0.014800000000000002
2387 0.0108
2388 0.013200000000000003
2389 0.013600000000000003
2390 0.012
2391 0.016400000000000005
2392 0.0104
2393 0.016
2394 0.014400000000000003
2395 0.012400000000000001
2396 0.015200000000000005
2397 0.0108
2398 0.014000000000000002
2399 0.012400000000000001
2400 0.0088
2401 0.012800000000000002
2402 0.0176
2403 0.016400000000000005
2404 0.012400000000000001
2405 0.012400000000000001
2406 0.012400000000000001
2407 0.013200000000000003
2408 0.015200000000000002
2409 0.0124
2410 0.013200000000000003
2411 0.011600000000000001
2412 0.0104
2413 0.014000000000000004
2414 0.016800000000000002
2415 0.016000000000000004
2416 0.012000000000000002
2417 0.0076
2418 0.0108
2419 0.014000000000000004
2420 0.012800000000000002
2421 0.012800000000000002
2422 0.016800000000000002
2423 0.0136
2424 0.014400000000000001
2425 0.012
2426 0.010400000000000003
2427 0.0108
2428 0.0108
2429 0.014400000000000003
2430 0.014000000000000004
2431 0.012400000000000001
2432 0.01
2433 0.009600000000000003
2434 0.014800000000000002
2435 0.012000000000000002
2436 0.0116
2437 0.014000000000000004
2438 0.012000000000000002
2439 0.0068000000000000005
2440 0.01
2441 0.0108
2442 0.012000000000000002
2443 0.013200000000000003
2444 0.015600000000000001
2445 0.015600000000000004
2446 0.013200000000000003
2447 0.0088
2448 0.015600000000000004
2449 0.010799999999999999
2450 0.012000000000000002
2451 0.013200000000000003
2452 0.009200000000000002
2453 0.013600000000000003
2454 0.0084
2455 0.013200000000000003
2456 0.014000000000000004
2457 0.012000000000000002
2458 0.007999999999999998
2459 0.012400000000000001
2460 0.011600000000000001
2461 0.009600000000000003
2462 0.0124
2463 0.0116
2464 0.0116
2465 0.010800000000000002
2466 0.012400000000000001
2467 0.012399999999999998
2468 0.007599999999999999
2469 0.013200000000000003
2470 0.008400000000000001
2471 0.012400000000000001
2472 0.007199999999999999
2473 0.01
2474 0.01
2475 0.0096
2476 0.0124
2477 0.011200000000000002
2478 0.009600000000000001
2479 0.0128
2480 0.007600000000000001
2481 0.0104
2482 0.008799999999999999
2483 0.0108
2484 0.0068
2485 0.013200000000000003
2486 0.011600000000000004
2487 0.012800000000000002
2488 0.012400000000000001
2489 0.008400000000000001
2490 0.015600000000000004
2491 0.013200000000000003
2492 0.009600000000000001
2493 0.0092
2494 0.008800000000000002
2495 0.011599999999999997
2496 0.012400000000000001
2497 0.012800000000000004
2498 0.013600000000000003
2499 0.010800000000000002
2500 0.008800000000000002
2501 0.012400000000000001
2502 0.005599999999999999
2503 0.012000000000000002
2504 0.015600000000000004
2505 0.010799999999999999
2506 0.011200000000000002
2507 0.014400000000000003
2508 0.011200000000000002
2509 0.009999999999999998
2510 0.007600000000000001
2511 0.011200000000000002
2512 0.01
2513 0.012000000000000002
2514 0.011600000000000001
2515 0.011600000000000004
2516 0.009600000000000001
2517 0.0092
2518 0.011600000000000001
2519 0.0104
2520 0.012400000000000001
2521 0.0144
2522 0.009600000000000001
2523 0.014400000000000003
2524 0.012400000000000001
2525 0.010800000000000002
2526 0.008400000000000001
2527 0.0108
2528 0.011600000000000004
2529 0.008400000000000001
2530 0.012000000000000002
2531 0.0104
2532 0.008799999999999999
2533 0.012800000000000002
2534 0.011600000000000001
2535 0.015600000000000001
2536 0.008000000000000002
2537 0.014000000000000004
2538 0.012000000000000002
2539 0.008400000000000001
2540 0.008
2541 0.01
2542 0.010799999999999999
2543 0.01
2544 0.009999999999999998
2545 0.01
2546 0.012400000000000001
2547 0.008400000000000001
2548 0.009600000000000001
2549 0.0104
2550 0.007599999999999999
2551 0.0092
2552 0.009600000000000001
2553 0.011200000000000002
2554 0.0088
2555 0.0092
2556 0.008400000000000001
2557 0.0088
2558 0.012000000000000002
2559 0.007200000000000001
2560 0.0108
2561 0.007600000000000001
2562 0.009200000000000003
2563 0.010399999999999998
2564 0.014000000000000004
2565 0.0096
2566 0.008799999999999999
2567 0.008
2568 0.012400000000000001
2569 0.0063999999999999994
2570 0.0124
2571 0.0096
2572 0.013200000000000003
2573 0.008
2574 0.0092
2575 0.01
2576 0.009600000000000003
2577 0.0076
2578 0.008400000000000001
2579 0.005599999999999999
2580 0.007600000000000001
2581 0.011600000000000001
2582 0.0108
2583 0.0076
2584 0.0084
2585 0.009600000000000001
2586 0.012000000000000002
2587 0.012399999999999998
2588 0.0072
2589 0.01
2590 0.012000000000000002
2591 0.007600000000000001
2592 0.013600000000000003
2593 0.011200000000000002
2594 0.008
2595 0.011200000000000002
2596 0.004
2597 0.011200000000000003
2598 0.013600000000000003
2599 0.007200000000000001
2600 0.0084
2601 0.013200000000000003
2602 0.009600000000000001
2603 0.008400000000000001
2604 0.0108
2605 0.0096
2606 0.011200000000000002
2607 0.0096
2608 0.0084
2609 0.011600000000000001
2610 0.0108
2611 0.008800000000000004
2612 0.012400000000000001
2613 0.012400000000000001
2614 0.010400000000000003
2615 0.011200000000000002
2616 0.008799999999999999
2617 0.0088
2618 0.007200000000000001
2619 0.0048
2620 0.010799999999999999
2621 0.01
2622 0.008
2623 0.0092
2624 0.012800000000000002
2625 0.012000000000000002
2626 0.008799999999999999
2627 0.0088
2628 0.008400000000000001
2629 0.0108
2630 0.009600000000000001
2631 0.0108
2632 0.005599999999999999
2633 0.007200000000000001
2634 0.0104
2635 0.012000000000000004
2636 0.0088
2637 0.007199999999999999
2638 0.013200000000000003
2639 0.0096
2640 0.0064
2641 0.006
2642 0.010799999999999999
2643 0.0108
2644 0.008400000000000001
2645 0.01
2646 0.0076
2647 0.010800000000000002
2648 0.0063999999999999994
2649 0.0076
2650 0.0076
2651 0.009600000000000003
2652 0.0108
2653 0.0072
2654 0.005600000000000001
2655 0.007199999999999999
2656 0.007199999999999999
2657 0.010400000000000003
2658 0.008
2659 0.012400000000000001
2660 0.0088
2661 0.011200000000000002
2662 0.0088
2663 0.007600000000000001
2664 0.0104
2665 0.006400000000000001
2666 0.0088
2667 0.012800000000000002
2668 0.01
2669 0.008
2670 0.009600000000000003
2671 0.011200000000000003
2672 0.012400000000000001
2673 0.0064
2674 0.009600000000000001
2675 0.013200000000000003
2676 0.008000000000000002
2677 0.011200000000000002
2678 0.004799999999999999
2679 0.0096
2680 0.007600000000000001
2681 0.0064
2682 0.008400000000000001
2683 0.0068000000000000005
2684 0.0084
2685 0.0088
2686 0.0044
2687 0.006800000000000001
2688 0.0068000000000000005
2689 0.0084
2690 0.006799999999999998
2691 0.0104
2692 0.009600000000000001
2693 0.008
2694 0.01
2695 0.0088
2696 0.009600000000000003
2697 0.008
2698 0.006
2699 0.0072000000000000015
2700 0.008000000000000002
2701 0.0072000000000000015
2702 0.011200000000000003
2703 0.0068000000000000005
2704 0.008
2705 0.01
2706 0.0084
2707 0.008
2708 0.0064
2709 0.0063999999999999994
2710 0.0088
2711 0.007200000000000001
2712 0.006000000000000001
2713 0.004
2714 0.008400000000000001
2715 0.0088
2716 0.009200000000000002
2717 0.008400000000000001
2718 0.006400000000000001
2719 0.006000000000000001
2720 0.010000000000000002
2721 0.0068000000000000005
2722 0.009200000000000002
2723 0.011600000000000004
2724 0.006000000000000001
2725 0.009200000000000003
2726 0.007200000000000001
2727 0.008
2728 0.0064
2729 0.007200000000000001
2730 0.008400000000000001
2731 0.0052
2732 0.007199999999999999
2733 0.0048
2734 0.006000000000000001
2735 0.007600000000000001
2736 0.0068
2737 0.0104
2738 0.0068
2739 0.009600000000000001
2740 0.008400000000000001
2741 0.010000000000000002
2742 0.0096
2743 0.009200000000000003
2744 0.0104
2745 0.007200000000000001
2746 0.01
2747 0.0068
2748 0.008
2749 0.006
2750 0.0076
2751 0.0064
2752 0.0092
2753 0.0096
2754 0.0076
2755 0.007600000000000001
2756 0.0063999999999999994
2757 0.008000000000000002
2758 0.008400000000000001
2759 0.004799999999999999
2760 0.0072
2761 0.0072
2762 0.007200000000000001
2763 0.0064
2764 0.0048
2765 0.006
2766 0.007600000000000001
2767 0.005600000000000001
2768 0.0104
2769 0.0068000000000000005
2770 0.0063999999999999994
2771 0.003999999999999999
2772 0.0076
2773 0.0064
2774 0.0044
2775 0.0064
2776 0.008800000000000002
2777 0.008
2778 0.008
2779 0.005199999999999999
2780 0.0063999999999999994
2781 0.0064
2782 0.007600000000000003
2783 0.008400000000000001
2784 0.0052
2785 0.0052
2786 0.0104
2787 0.009200000000000002
2788 0.0076
2789 0.0064
2790 0.0096
2791 0.006800000000000001
2792 0.0036
2793 0.009200000000000003
2794 0.006000000000000001
2795 0.0063999999999999994
2796 0.0036
2797 0.0048
2798 0.005600000000000001
2799 0.008400000000000001
2800 0.0044
2801 0.0072000000000000015
2802 0.008000000000000002
2803 0.0068000000000000005
2804 0.0048
2805 0.0068
2806 0.005599999999999999
2807 0.007600000000000001
2808 0.005600000000000001
2809 0.004
2810 0.005999999999999998
2811 0.0044
2812 0.0084
2813 0.0063999999999999994
2814 0.006800000000000001
2815 0.0088
2816 0.0036
2817 0.008400000000000001
2818 0.0048
2819 0.003999999999999999
2820 0.0092
2821 0.0052
2822 0.005599999999999999
2823 0.0076
2824 0.009600000000000001
2825 0.009199999999999998
2826 0.010000000000000002
2827 0.002
2828 0.0072
2829 0.005600000000000001
2830 0.008399999999999998
2831 0.0088
2832 0.006800000000000001
2833 0.0084
2834 0.004
2835 0.005199999999999999
2836 0.005199999999999999
2837 0.006
2838 0.0048
2839 0.005199999999999999
2840 0.005599999999999999
2841 0.007199999999999999
2842 0.010000000000000002
2843 0.006000000000000001
2844 0.008
2845 0.0088
2846 0.0076
2847 0.005599999999999999
2848 0.0088
2849 0.008400000000000001
2850 0.003999999999999999
2851 0.008000000000000002
2852 0.0044
2853 0.004
2854 0.005599999999999999
2855 0.004
2856 0.004399999999999999
2857 0.005599999999999999
2858 0.005999999999999998
2859 0.006
2860 0.005199999999999999
2861 0.0076
2862 0.0044
2863 0.0048
2864 0.0036
2865 0.0064
2866 0.0048
2867 0.0068000000000000005
2868 0.005599999999999999
2869 0.004
2870 0.0044
2871 0.0096
2872 0.006000000000000001
2873 0.0048
2874 0.008000000000000002
2875 0.0063999999999999994
2876 0.004399999999999999
2877 0.006
2878 0.0024000000000000002
2879 0.0072000000000000015
2880 0.004
2881 0.0063999999999999994
2882 0.004
2883 0.0088
2884 0.011200000000000003
2885 0.005599999999999999
2886 0.0032
2887 0.0052
2888 0.008400000000000001
2889 0.006
2890 0.0063999999999999994
2891 0.005600000000000001
2892 0.0052
2893 0.0044
2894 0.006000000000000001
2895 0.006
2896 0.0072
2897 0.0048
2898 0.005600000000000001
2899 0.006400000000000001
2900 0.007200000000000001
2901 0.0036
2902 0.006000000000000001
2903 0.0052
2904 0.0068
2905 0.006
2906 0.005199999999999999
2907 0.007599999999999999
2908 0.0064
2909 0.005999999999999998
2910 0.005999999999999998
2911 0.0032
2912 0.004
2913 0.005599999999999999
2914 0.008000000000000002
2915 0.007200000000000001
2916 0.0072
2917 0.0048
2918 0.007600000000000001
2919 0.0036
2920 0.005599999999999999
2921 0.0028000000000000004
2922 0.0092
2923 0.0052
2924 0.008000000000000002
2925 0.0068
2926 0.006800000000000001
2927 0.005199999999999999
2928 0.007599999999999999
2929 0.0048
2930 0.0068000000000000005
2931 0.006400000000000001
2932 0.005599999999999999
2933 0.007600000000000001
2934 0.006000000000000001
2935 0.008
2936 0.0032
2937 0.006000000000000001
2938 0.006000000000000001
2939 0.005199999999999999
2940 0.008
2941 0.007600000000000001
2942 0.006000000000000001
2943 0.0052
2944 0.007200000000000001
2945 0.0036
2946 0.0072
2947 0.0072
2948 0.008
2949 0.0064
2950 0.0048
2951 0.0068
2952 0.005599999999999999
2953 0.0052
2954 0.0072000000000000015
2955 0.005199999999999999
2956 0.005599999999999999
2957 0.0048000000000000004
2958 0.0032
2959 0.006000000000000001
2960 0.0028000000000000004
2961 0.0048
2962 0.0052
2963 0.0048
2964 0.0072
2965 0.007600000000000001
2966 0.0072
2967 0.0052
2968 0.0043999999999999985
2969 0.006
2970 0.0036
2971 0.0044
2972 0.005600000000000001
2973 0.0032
2974 0.006000000000000001
2975 0.0024000000000000002
2976 0.005600000000000001
2977 0.0048
2978 0.005599999999999999
2979 0.0048
2980 0.005199999999999999
2981 0.006400000000000001
2982 0.0064
2983 0.005600000000000001
2984 0.004399999999999999
2985 0.0028000000000000004
2986 0.006
2987 0.004
2988 0.0052
2989 0.004
2990 0.004399999999999999
2991 0.0032
2992 0.004
2993 0.0028000000000000004
2994 0.0063999999999999994
2995 0.0052
2996 0.006
2997 0.004399999999999999
2998 0.0032
2999 0.0024000000000000002
3000 0.0052
3001 0.0052
3002 0.0064
3003 0.006
3004 0.0064
3005 0.0052
3006 0.0064
3007 0.004399999999999999
3008 0.006
3009 0.0043999999999999985
3010 0.0063999999999999994
3011 0.005199999999999999
3012 0.006
3013 0.007199999999999999
3014 0.0032
3015 0.004
3016 0.004399999999999999
3017 0.0052
3018 0.0036
3019 0.004
3020 0.0048
3021 0.0016
3022 0.0063999999999999994
3023 0.0036000000000000003
3024 0.006000000000000001
3025 0.004
3026 0.006000000000000001
3027 0.0052
3028 0.0032
3029 0.0036
3030 0.007200000000000001
3031 0.0028000000000000004
3032 0.006
3033 0.004
3034 0.0052
3035 0.0052
3036 0.0052
3037 0.0028000000000000004
3038 0.0028000000000000004
3039 0.0072000000000000015
3040 0.005599999999999999
3041 0.0028000000000000004
3042 0.005999999999999998
3043 0.0036
3044 0.0032
3045 0.0024000000000000002
3046 0.0024000000000000002
3047 0.005199999999999999
3048 0.006
3049 0.0036
3050 0.0052
3051 0.0068000000000000005
3052 0.0048
3053 0.0072
3054 0.0028000000000000004
3055 0.0048
3056 0.0048
3057 0.0048
3058 0.0063999999999999994
3059 0.0036
3060 0.0052
3061 0.0052
3062 0.0048
3063 0.004
3064 0.0052
3065 0.005199999999999999
3066 0.0043999999999999985
3067 0.0027999999999999995
3068 0.0048
3069 0.007599999999999999
3070 0.0032
3071 0.0048000000000000004
3072 0.0064
3073 0.0008
3074 0.0032
3075 0.0036
3076 0.0052
3077 0.0052
3078 0.0036
3079 0.0032
3080 0.0048
3081 0.0048
3082 0.0032
3083 0.0012
3084 0.0032
3085 0.0028000000000000004
3086 0.004
3087 0.0028000000000000004
3088 0.0044
3089 0.004399999999999999
3090 0.005599999999999999
3091 0.0024000000000000002
3092 0.0028000000000000004
3093 0.0032
3094 0.0036
3095 0.0036
3096 0.004799999999999999
3097 0.0048
3098 0.0024000000000000002
3099 0.0024000000000000002
3100 0.004
3101 0.0036
3102 0.0052
3103 0.0024000000000000002
3104 0.0028000000000000004
3105 0.0044
3106 0.005999999999999998
3107 0.0024000000000000002
3108 0.002
3109 0.005199999999999999
3110 0.0048000000000000004
3111 0.005999999999999998
3112 0.0035999999999999995
3113 0.0028000000000000004
3114 0.0032
3115 0.0032
3116 0.005600000000000001
3117 0.005199999999999999
3118 0.0016
3119 0.0028000000000000004
3120 0.005199999999999999
3121 0.004399999999999999
3122 0.0036
3123 0.0032
3124 0.0048
3125 0.006400000000000001
3126 0.0036000000000000003
3127 0.0052
3128 0.004
3129 0.0076
3130 0.0076
3131 0.002
3132 0.004
3133 0.005199999999999999
3134 0.0044
3135 0.004
3136 0.002
3137 0.004
3138 0.0024000000000000002
3139 0.004
3140 0.0028000000000000004
3141 0.0031999999999999997
3142 0.003999999999999999
3143 0.0032
3144 0.0052
3145 0.0036000000000000003
3146 0.0048
3147 0.0016
3148 0.004399999999999999
3149 0.0036000000000000003
3150 0.0044
3151 0.0028000000000000004
3152 0.0028000000000000004
3153 0.0032
3154 0.0028000000000000004
3155 0.0032
3156 0.0028000000000000004
3157 0.004
3158 0.0036
3159 0.0032
3160 0.0048000000000000004
3161 0.004399999999999999
3162 0.0044
3163 0.0048
3164 0.0024000000000000002
3165 0.0036
3166 0.0028000000000000004
3167 0.0036
3168 0.004
3169 0.005199999999999999
3170 0.0032
3171 0.0036000000000000003
3172 0.004
3173 0.0024000000000000002
3174 0.005199999999999999
3175 0.005600000000000001
3176 0.0028000000000000004
3177 0.0048
3178 0.005199999999999999
3179 0.0032
3180 0.0052
3181 0.0044
3182 0.0016
3183 0.0036
3184 0.0048
3185 0.004
3186 0.004399999999999999
3187 0.0063999999999999994
3188 0.0012
3189 0.0027999999999999995
3190 0.0024
3191 0.0044
3192 0.0044
3193 0.004
3194 0.0028000000000000004
3195 0.0043999999999999985
3196 0.002
3197 0.0024000000000000002
3198 0.0031999999999999997
3199 0.0044
3200 0.0048
3201 0.005199999999999999
3202 0.0036
3203 0.0024000000000000002
3204 0.004399999999999999
3205 0.005599999999999999
3206 0.0031999999999999997
3207 0.0016
3208 0.0032
3209 0.0048
3210 0.006000000000000001
3211 0.0064
3212 0.0044
3213 0.004399999999999999
3214 0.0016
3215 0.002
3216 0.004
3217 0.0028000000000000004
3218 0.002
3219 0.0016
3220 0.006000000000000001
3221 0.004
3222 0.004399999999999999
3223 0.0032
3224 0.0044
3225 0.0024000000000000002
3226 0.0044
3227 0.0048
3228 0.004399999999999999
3229 0.003999999999999999
3230 0.002
3231 0.0036
3232 0.004
3233 0.0035999999999999995
3234 0.0044
3235 0.0024000000000000002
3236 0.0028000000000000004
3237 0.0032
3238 0.0044
3239 0.0032
3240 0.0035999999999999995
3241 0.004
3242 0.0028000000000000004
3243 0.0032
3244 0.003999999999999999
3245 0.0044
3246 0.0032
3247 0.0048
3248 0.006000000000000001
3249 0.0035999999999999995
3250 0.002
3251 0.004399999999999999
3252 0.0044
3253 0.004399999999999999
3254 0.002
3255 0.0024000000000000002
3256 0.0016
3257 0.0032
3258 0.0048
3259 0.0036
3260 0.0036
3261 0.0028000000000000004
3262 0.0028000000000000004
3263 0.0032
3264 0.0028000000000000004
3265 0.0048
3266 0.002
3267 0.002
3268 0.0012
3269 0.0024
3270 0.0036
3271 0.004399999999999999
3272 0.0032
3273 0.0031999999999999997
3274 0.0032
3275 0.0036000000000000003
3276 0.0036000000000000003
3277 0.0048
3278 0.004399999999999999
3279 0.005199999999999999
3280 0.002
3281 0.004
3282 0.004
3283 0.006
3284 0.0032
3285 0.0024000000000000002
3286 0.004399999999999999
3287 0.0036
3288 0.003999999999999999
3289 0.0036000000000000003
3290 0.0024000000000000002
3291 0.0036
3292 0.0028000000000000004
3293 0.0027999999999999995
3294 0.0044
3295 0.002
3296 0.003999999999999999
3297 0.0028000000000000004
3298 0.004399999999999999
3299 0.0012
3300 0.0036
3301 0.0052
3302 0.0024000000000000002
3303 0.004399999999999999
3304 0.0028000000000000004
3305 0.0036
3306 0.0032
3307 0.0016
3308 0.0036
3309 0.0012
3310 0.0032
3311 0.002
3312 0.0035999999999999995
3313 0.0048
3314 0.0024000000000000002
3315 0.0024000000000000002
3316 0.004
3317 0.0032
3318 0.0027999999999999995
3319 0.0024000000000000002
3320 0.0032
3321 0.002
3322 0.0032
3323 0.0036
3324 0.002
3325 0.0024000000000000002
3326 0.0036
3327 0.0016
3328 0.0032
3329 0.0024
3330 0.0016
3331 0.0028000000000000004
3332 0.0012
3333 0.0036
3334 0.0028000000000000004
3335 0.0036
3336 0.006
3337 0.004
3338 0.0016
3339 0.0024000000000000002
3340 0.0048
3341 0.0024000000000000002
3342 0.004
3343 0.0024
3344 0.0024000000000000002
3345 0.0036
3346 0.004
3347 0.0036
3348 0.0016
3349 0.004399999999999999
3350 0.005600000000000001
3351 0.0044
3352 0.0024000000000000002
3353 0.0036
3354 0.0032
3355 0.004399999999999999
3356 0.0008
3357 0.0016
3358 0.0016
3359 0.004399999999999999
3360 0.0032
3361 0.0024000000000000002
3362 0.0028000000000000004
3363 0.002
3364 0.0024000000000000002
3365 0.0048
3366 0.0028000000000000004
3367 0.0028000000000000004
3368 0.0032
3369 0.0032
3370 0.0024000000000000002
3371 0.0032
3372 0.0032
3373 0.0027999999999999995
3374 0.0032
3375 0.004399999999999999
3376 0.0024
3377 0.0024000000000000002
3378 0.005599999999999999
3379 0.0028000000000000004
3380 0.004
3381 0.0024000000000000002
3382 0.0036
3383 0.0036
3384 0.0016
3385 0.0016
3386 0.002
3387 0.0048
3388 0.0028000000000000004
3389 0.0036000000000000003
3390 0.004
3391 0.002
3392 0.002
3393 0.0028000000000000004
3394 0.0016
3395 0.0031999999999999997
3396 0.0028000000000000004
3397 0.0048
3398 0.0028000000000000004
3399 0.0032
3400 0.002
3401 0.0036
3402 0.0016
3403 0.0024000000000000002
3404 0.0036
3405 0.0032
3406 0.0032
3407 0.0031999999999999997
3408 0.0012
3409 0.002
3410 0.0024
3411 0.0024000000000000002
3412 0.0036
3413 0.0031999999999999997
3414 0.004
3415 0.004
3416 0.0028000000000000004
3417 0.002
3418 0.004
3419 0.0024000000000000002
3420 0.0024000000000000002
3421 0.002
3422 0.0028000000000000004
3423 0.0016
3424 0.0044
3425 0.0048
3426 0.0036
3427 0.004399999999999999
3428 0.0024000000000000002
3429 0.0016
3430 0.0016
3431 0.0028000000000000004
3432 0.0028000000000000004
3433 0.002
3434 0.0036
3435 0.0032
3436 0.002
3437 0.0031999999999999997
3438 0.0035999999999999995
3439 0.0012
3440 0.0032
3441 0.0024000000000000002
3442 0.002
3443 0.0032
3444 0.005199999999999999
3445 0.0024000000000000002
3446 0.0032
3447 0.0012
3448 0.0024000000000000002
3449 0.0028000000000000004
3450 0.0024000000000000002
3451 0.0024000000000000002
3452 0.0012
3453 0.0031999999999999997
3454 0.0032
3455 0.0024000000000000002
3456 0.0008
3457 0.004
3458 0.002
3459 0.0016
3460 0.0012
3461 0.0012
3462 0.0048
3463 0.002
3464 0.002
3465 0.002
3466 0.0012
3467 0.0032
3468 0.0032
3469 0.0028000000000000004
3470 0.0024000000000000002
3471 0.0031999999999999997
3472 0.0027999999999999995
3473 0.002
3474 0.005199999999999999
3475 0.0028000000000000004
3476 0.0024000000000000002
3477 0.003999999999999999
3478 0.0028000000000000004
3479 0.0016
3480 0.0024000000000000002
3481 0.0016
3482 0.0016
3483 0.0024000000000000002
3484 0.0028000000000000004
3485 0.0024000000000000002
3486 0.0028000000000000004
3487 0.0028000000000000004
3488 0.002
3489 0.0016
3490 0.0036
3491 0.0016
3492 0.0028000000000000004
3493 0.0016
3494 0.002
3495 0.0012
3496 0.0036
3497 0.0012
3498 0.0012
3499 0.004399999999999999
3500 0.0036
3501 0.002
3502 0.0028000000000000004
3503 0.0016
3504 0.0024000000000000002
3505 0.004399999999999999
3506 0.0036
3507 0.0032
3508 0.002
3509 0.0044
3510 0.0024000000000000002
3511 0.0016
3512 0.0012
3513 0.004
3514 0.004
3515 0.0032
3516 0.0008
3517 0.004
3518 0.0028000000000000004
3519 0.0024000000000000002
3520 0.0032
3521 0.0012
3522 0.004
3523 0.0028000000000000004
3524 0.0016
3525 0.0036
3526 0.0028000000000000004
3527 0.0016
3528 0.002
3529 0.0048
3530 0.0016
3531 0.0024000000000000002
3532 0.0012
3533 0.005599999999999999
3534 0.0008
3535 0.0024000000000000002
3536 0.002
3537 0.0036
3538 0.0016
3539 0.0012
3540 0.0024
3541 0.0036
3542 0.0016
3543 0.0024000000000000002
3544 0.0012
3545 0.005599999999999999
3546 0.0024000000000000002
3547 0.0032
3548 0.0032
3549 0.004
3550 0.0032
3551 0.0008
3552 0.003999999999999999
3553 0.0024
3554 0.0004
3555 0.0024000000000000002
3556 0.0024
3557 0.002
3558 0.004
3559 0.0016
3560 0.0016
3561 0.002
3562 0.0012
3563 0.0016
3564 0.0012
3565 0.0012
3566 0.002
3567 0.0024
3568 0.0036
3569 0.0024000000000000002
3570 0.0028000000000000004
3571 0.0016
3572 0.0024000000000000002
3573 0.0024000000000000002
3574 0.0028000000000000004
3575 0.0012
3576 0.0012
3577 0.002
3578 0.0027999999999999995
3579 0.004
3580 0.0024000000000000002
3581 0.0028000000000000004
3582 0.0024000000000000002
3583 0.0012
3584 0.0012
3585 0.0008
3586 0.0024000000000000002
3587 0.0016
3588 0.002
3589 0.0024000000000000002
3590 0.002
3591 0.002
3592 0.0012
3593 0.0032
3594 0.0016
3595 0.0012
3596 0.0036
3597 0.0016
3598 0.0016
3599 0.0012
3600 0.0024000000000000002
3601 0.0024000000000000002
3602 0.0024000000000000002
3603 0.0016
3604 0.002
3605 0.0028000000000000004
3606 0.0024000000000000002
3607 0.002
3608 0.0024
3609 0.0012
3610 0.0024000000000000002
3611 0.0008
3612 0.0012
3613 0.002
3614 0.0016
3615 0.0012
3616 0.002
3617 0.0036000000000000003
3618 0.0016
3619 0.0032
3620 0.0016
3621 0.002
3622 0.0027999999999999995
3623 0.0024000000000000002
3624 0.0031999999999999997
3625 0.0008
3626 0.0016
3627 0.002
3628 0.002
3629 0.004
3630 0.0024000000000000002
3631 0.002
3633 0.0028000000000000004
3634 0.0016
3635 0.0024000000000000002
3636 0.0012
3637 0.0016
3638 0.0012
3639 0.002
3640 0.0032
3641 0.0004
3642 0.0024000000000000002
3643 0.002
3644 0.0012
3645 0.0024000000000000002
3646 0.0016
3647 0.0024000000000000002
3648 0.0024000000000000002
3649 0.0024000000000000002
3650 0.002
3651 0.0032
3652 0.0024000000000000002
3653 0.0016
3654 0.0016
3655 0.002
3656 0.0024000000000000002
3657 0.0012
3658 0.0016
3659 0.0048
3660 0.0012
3661 0.0012
3662 0.0024000000000000002
3663 0.0024000000000000002
3664 0.0008
3665 0.0004
3666 0.0012
3667 0.0012
3668 0.0016
3669 0.0016
3670 0.002
3671 0.002
3672 0.0016
3673 0.0012
3674 0.002
3675 0.0016
3676 0.0008
3677 0.002
3678 0.0016
3680 0.004799999999999999
3681 0.0008
3682 0.002
3683 0.002
3684 0.002
3685 0.0028000000000000004
3686 0.0012
3687 0.0008
3689 0.0008
3690 0.0008
3691 0.0036000000000000003
3692 0.0024000000000000002
3693 0.0024000000000000002
3694 0.0024000000000000002
3695 0.004
3696 0.0016
3697 0.0012
3698 0.002
3699 0.0008
3700 0.0008
3701 0.0024000000000000002
3702 0.0012
3703 0.0008
3704 0.0016
3705 0.0012
3706 0.0008
3707 0.0036
3708 0.0012
3709 0.002
3710 0.0008
3711 0.0024000000000000002
3712 0.002
3713 0.0012
3714 0.0012
3715 0.0028000000000000004
3716 0.0024
3717 0.0016
3718 0.002
3719 0.002
3720 0.0012
3721 0.0008
3722 0.0016
3723 0.002
3724 0.0012
3725 0.0036
3726 0.0024000000000000002
3727 0.0016
3728 0.0012
3729 0.0008
3730 0.0008
3731 0.0032
3732 0.0016
3733 0.0024000000000000002
3734 0.002
3735 0.002
3736 0.0004
3737 0.002
3738 0.0008
3739 0.0012
3740 0.0012
3741 0.0024000000000000002
3742 0.002
3743 0.0012
3744 0.0016
3745 0.0036
3746 0.002
3747 0.0024000000000000002
3748 0.002
3749 0.0016
3750 0.0012
3751 0.0016
3752 0.0012
3753 0.0012
3754 0.0024000000000000002
3755 0.0008
3756 0.0012
3757 0.0016
3758 0.0032
3759 0.0024000000000000002
3760 0.0008
3761 0.002
3762 0.0035999999999999995
3763 0.0016
3764 0.0004
3765 0.0028000000000000004
3766 0.0008
3767 0.0028000000000000004
3768 0.0004
3769 0.0024
3770 0.002
3771 0.0012
3772 0.002
3773 0.0016
3774 0.0004
3775 0.0004
3776 0.0008
3777 0.0004
3778 0.0004
3779 0.0004
3780 0.0016
3781 0.0004
3782 0.0008
3783 0.0004
3784 0.0024000000000000002
3785 0.0012
3786 0.0028000000000000004
3787 0.0016
3788 0.0024000000000000002
3789 0.0016
3790 0.0024
3791 0.0016
3792 0.0008
3793 0.0008
3794 0.0016
3795 0.0028000000000000004
3796 0.0004
3797 0.0028000000000000004
3798 0.0016
3799 0.0024000000000000002
3800 0.002
3801 0.0008
3802 0.0008
3803 0.0012
3804 0.0008
3805 0.0024000000000000002
3806 0.0004
3807 0.002
3808 0.002
3809 0.0012
3810 0.0004
3811 0.002
3812 0.0012
3813 0.0016
3814 0.0012
3815 0.002
3816 0.002
3817 0.0016
3818 0.0004
3819 0.0012
3820 0.002
3821 0.0012
3822 0.002
3823 0.0008
3824 0.0004
3825 0.002
3826 0.0016
3827 0.0012
3828 0.0004
3829 0.0016
3830 0.0016
3831 0.0016
3833 0.0012
3834 0.0016
3835 0.0004
3836 0.0008
3837 0.0024000000000000002
3838 0.002
3839 0.0016
3840 0.0016
3841 0.0012
3842 0.0008
3843 0.0024000000000000002
3844 0.0016
3845 0.0016
3846 0.0016
3847 0.0004
3848 0.002
3849 0.0012
3850 0.0004
3851 0.0016
3852 0.0016
3853 0.0004
3854 0.0008
3855 0.0012
3856 0.0008
3857 0.0016
3858 0.0012
3859 0.0004
3860 0.0004
3861 0.0004
3862 0.0016
3863 0.0008
3864 0.0016
3865 0.0008
3866 0.0008
3867 0.002
3868 0.0008
3869 0.0004
3870 0.0008
3871 0.0016
3872 0.0012
3873 0.0016
3874 0.0008
3875 0.0008
3876 0.0012
3877 0.0016
3878 0.0012
3879 0.0024
3880 0.0012
3881 0.0008
3882 0.0016
3883 0.002
3884 0.0016
3885 0.0024000000000000002
3886 0.0024000000000000002
3887 0.0016
3888 0.0016
3889 0.002
3890 0.0016
3891 0.0012
3892 0.0008
3894 0.0012
3895 0.0004
3896 0.0008
3897 0.0008
3898 0.0012
3899 0.0016
3900 0.002
3901 0.0016
3902 0.0012
3903 0.002
3904 0.0004
3905 0.0016
3906 0.0004
3907 0.0016
3908 0.002
3909 0.0008
3910 0.002
3911 0.0008
3912 0.0016
3913 0.0008
3914 0.0004
3915 0.0016
3916 0.0008
3917 0.0004
3918 0.0008
3919 0.0008
3920 0.0016
3921 0.0008
3922 0.0012
3923 0.002
3924 0.0008
3925 0.0004
3926 0.0012
3927 0.0008
3928 0.002
3929 0.0012
3930 0.0016
3931 0.0008
3932 0.0012
3934 0.0016
3935 0.0004
3936 0.0004
3937 0.0016
3938 0.0008
3939 0.002
3940 0.002
3941 0.0024000000000000002
3942 0.0016
3943 0.0024000000000000002
3944 0.0016
3945 0.002
3946 0.0031999999999999997
3947 0.0024000000000000002
3949 0.0016
3950 0.0004
3951 0.0016
3952 0.0012
3953 0.0012
3954 0.0012
3955 0.0012
3956 0.0004
3957 0.0004
3958 0.0008
3959 0.0012
3960 0.0004
3961 0.0016
3962 0.0008
3963 0.0004
3964 0.0008
3965 0.0012
3966 0.0004
3967 0.0016
3968 0.0012
3969 0.0032
3970 0.002
3971 0.0008
3972 0.0008
3973 0.0024000000000000002
3974 0.0016
3975 0.0012
3976 0.0012
3977 0.0012
3978 0.0004
3979 0.0012
3980 0.0004
3981 0.0012
3983 0.0012
3984 0.0012
3985 0.0008
3986 0.0012
3987 0.0012
3988 0.0012
3989 0.0016
3990 0.0004
3991 0.002
3992 0.0016
3993 0.0008
3994 0.0016
3995 0.0008
3996 0.002
3997 0.0016
3998 0.0008
3999 0.0008
4000 0.0012
4001 0.0012
4002 0.0008
4003 0.0004
4004 0.0004
4005 0.0008
4006 0.0016
4007 0.0012
4008 0.0012
4009 0.0024000000000000002
4010 0.0012
4011 0.0008
4012 0.0016
4013 0.0016
4015 0.0012
4016 0.0008
4017 0.0008
4018 0.0016
4019 0.0016
4020 0.0004
4021 0.0016
4022 0.0008
4023 0.0016
4024 0.0004
4025 0.0008
4026 0.0016
4027 0.002
4028 0.0008
4029 0.0008
4030 0.0008
4031 0.0004
4032 0.0024000000000000002
4033 0.0004
4034 0.0012
4035 0.0016
4036 0.0008
4037 0.0012
4038 0.0008
4039 0.0012
4040 0.002
4041 0.0008
4042 0.0016
4043 0.0004
4044 0.0004
4045 0.0004
4046 0.0012
4047 0.0024
4048 0.0016
4049 0.0008
4050 0.002
4051 0.0008
4052 0.002
4053 0.0008
4054 0.0012
4055 0.0004
4056 0.0004
4057 0.0004
4058 0.002
4059 0.002
4060 0.0004
4061 0.0004
4062 0.002
4063 0.002
4064 0.0012
4065 0.0008
4066 0.0004
4067 0.0004
4068 0.0008
4069 0.0004
4070 0.0012
4071 0.0008
4072 0.002
4073 0.002
4074 0.0024000000000000002
4075 0.0012
4076 0.0008
4077 0.0016
4078 0.0004
4079 0.0004
4080 0.0004
4082 0.0008
4083 0.0012
4084 0.0016
4086 0.0008
4087 0.0016
4088 0.0004
4089 0.0012
4090 0.0004
4091 0.0012
4092 0.0008
4095 0.0012
4096 0.0008
4097 0.0004
4098 0.0008
4099 0.0004
4100 0.0008
4101 0.0004
4102 0.0012
4103 0.0012
4104 0.0008
4106 0.0016
4107 0.0016
4108 0.0004
4109 0.0004
4112 0.0008
4113 0.0012
4114 0.0008
4115 0.002
4116 0.0012
4117 0.0008
4118 0.0008
4119 0.0004
4120 0.0004
4121 0.0004
4123 0.0012
4124 0.0012
4125 0.0004
4126 0.0008
4127 0.0012
4128 0.0004
4129 0.0012
4130 0.0004
4133 0.0008
4134 0.0016
4136 0.0004
4137 0.0008
4138 0.0004
4139 0.0012
4140 0.0016
4141 0.0008
4142 0.0004
4143 0.0008
4144 0.0004
4145 0.0016
4146 0.0008
4147 0.0016
4148 0.0004
4149 0.0008
4150 0.0024000000000000002
4151 0.0016
4152 0.0004
4154 0.0012
4156 0.0012
4157 0.0008
4158 0.0008
4159 0.0004
4160 0.0016
4161 0.0016
4163 0.0004
4164 0.0012
4165 0.0008
4166 0.0012
4167 0.0004
4168 0.0012
4169 0.0008
4170 0.0004
4171 0.0004
4172 0.0012
4173 0.0004
4174 0.002
4175 0.0004
4176 0.0004
4177 0.0016
4178 0.0008
4179 0.0008
4180 0.0008
4181 0.0004
4182 0.0012
4183 0.0004
4184 0.002
4185 0.0008
4186 0.0008
4190 0.0004
4192 0.0008
4193 0.0012
4194 0.0008
4195 0.0008
4196 0.0008
4197 0.0004
4198 0.0016
4199 0.0004
4200 0.0004
4201 0.0004
4202 0.0004
4203 0.0016
4204 0.0008
4205 0.0008
4206 0.0004
4207 0.0008
4208 0.0004
4209 0.0012
4210 0.0008
4211 0.0008
4212 0.0008
4213 0.0012
4214 0.0008
4215 0.0004
4216 0.0016
4219 0.0004
4221 0.0004
4222 0.0004
4223 0.0004
4224 0.0008
4225 0.0004
4226 0.0004
4227 0.0012
4229 0.0004
4230 0.0016
4231 0.0012
4232 0.0012
4233 0.0004
4234 0.0012
4235 0.0004
4236 0.0004
4237 0.002
4238 0.0008
4239 0.0012
4240 0.0004
4241 0.0008
4242 0.002
4243 0.0004
4244 0.0008
4245 0.0012
4246 0.0016
4247 0.0008
4248 0.0004
4249 0.0012
4251 0.0012
4253 0.0004
4254 0.0004
4255 0.0012
4256 0.0004
4257 0.0008
4258 0.0016
4259 0.0004
4261 0.0004
4262 0.0008
4263 0.0016
4264 0.0004
4265 0.0012
4266 0.0012
4268 0.0008
4270 0.0008
4271 0.0008
4272 0.0004
4273 0.0008
4274 0.0004
4275 0.0012
4276 0.0004
4277 0.0004
4278 0.0012
4279 0.0008
4280 0.0004
4281 0.0004
4282 0.0008
4283 0.0004
4284 0.0004
4286 0.002
4287 0.002
4288 0.0008
4291 0.0008
4292 0.0012
4293 0.0004
4294 0.0008
4295 0.0012
4296 0.0004
4297 0.0008
4298 0.0008
4299 0.0004
4301 0.0008
4302 0.0008
4303 0.0004
4304 0.0004
4305 0.0008
4306 0.0016
4307 0.0004
4308 0.0004
4309 0.0004
4310 0.0008
4312 0.0004
4313 0.0012
4315 0.0008
4316 0.0008
4318 0.0016
4319 0.0016
4320 0.0004
4321 0.0004
4322 0.0004
4323 0.002
4324 0.0012
4325 0.0008
4326 0.0004
4327 0.0012
4328 0.0008
4329 0.0012
4330 0.0008
4331 0.0008
4333 0.0008
4335 0.0004
4336 0.0004
4337 0.0004
4338 0.0004
4339 0.0004
4340 0.0004
4341 0.0016
4342 0.0004
4343 0.0012
4344 0.0008
4345 0.0008
4346 0.0012
4347 0.0008
4348 0.0008
4350 0.0004
4351 0.0004
4352 0.0008
4354 0.0004
4355 0.0008
4356 0.0004
4357 0.0004
4359 0.0024000000000000002
4360 0.0008
4361 0.0016
4362 0.0024000000000000002
4363 0.0008
4364 0.0008
4366 0.0004
4367 0.0004
4368 0.0004
4369 0.0004
4370 0.0008
4371 0.0008
4373 0.0004
4375 0.0012
4376 0.0012
4378 0.0008
4379 0.0008
4382 0.0008
4383 0.0008
4384 0.0004
4386 0.0008
4387 0.0004
4388 0.0012
4389 0.0004
4391 0.0004
4393 0.0024000000000000002
4394 0.0012
4395 0.0008
4396 0.0012
4398 0.0004
4400 0.0004
4401 0.0004
4403 0.0008
4404 0.0008
4405 0.0008
4407 0.0012
4408 0.0004
4409 0.0008
4410 0.0008
4411 0.0008
4412 0.0008
4413 0.0008
4414 0.0012
4415 0.0004
4416 0.0012
4417 0.0008
4418 0.0012
4419 0.0004
4421 0.0008
4422 0.0008
4423 0.0004
4424 0.0008
4425 0.0004
4427 0.0012
4428 0.0008
4430 0.0008
4431 0.0016
4432 0.0016
4433 0.0004
4434 0.0008
4435 0.0004
4436 0.0008
4437 0.0004
4438 0.0008
4439 0.0004
4440 0.0008
4441 0.0008
4443 0.0004
4444 0.0012
4445 0.0008
4446 0.0004
4447 0.0004
4448 0.0004
4449 0.0004
4450 0.0004
4451 0.0004
4453 0.0008
4454 0.0012
4455 0.0008
4456 0.0004
4457 0.0008
4458 0.0008
4459 0.0008
4460 0.0008
4461 0.0004
4462 0.0008
4463 0.0004
4464 0.0004
4466 0.0004
4467 0.0004
4468 0.0004
4469 0.0004
4470 0.0004
4471 0.0008
4472 0.0004
4473 0.0008
4475 0.0008
4476 0.0004
4478 0.0008
4480 0.0008
4481 0.0012
4482 0.0004
4484 0.0012
4485 0.0012
4491 0.0008
4492 0.0008
4493 0.0004
4494 0.0008
4495 0.0008
4496 0.0004
4497 0.0008
4503 0.0008
4504 0.0004
4505 0.0008
4507 0.0008
4508 0.0004
4509 0.0008
4511 0.0004
4513 0.0004
4514 0.0004
4515 0.0012
4516 0.0004
4519 0.0004
4521 0.0004
4523 0.0004
4524 0.0004
4525 0.0008
4527 0.0012
4529 0.0008
4530 0.0004
4531 0.0016
4532 0.0004
4533 0.0012
4535 0.0012
4536 0.0004
4538 0.0004
4539 0.0012
4540 0.0012
4542 0.0004
4543 0.0004
4544 0.0008
4545 0.0016
4547 0.0004
4548 0.0004
4549 0.0004
4551 0.0008
4552 0.0004
4553 0.0004
4554 0.0008
4555 0.0004
4557 0.0012
4560 0.0008
4561 0.0008
4562 0.0012
4564 0.0004
4565 0.0008
4567 0.0012
4569 0.0008
4570 0.0016
4571 0.0004
4572 0.0004
4573 0.0012
4574 0.0016
4575 0.0004
4577 0.0004
4578 0.0004
4579 0.0004
4581 0.0004
4583 0.0004
4584 0.0004
4586 0.0008
4587 0.0004
4588 0.0012
4589 0.0012
4591 0.0004
4593 0.0004
4595 0.0008
4596 0.0004
4597 0.0004
4598 0.0012
4599 0.0008
4600 0.0004
4601 0.0004
4603 0.0004
4604 0.0004
4605 0.0004
4606 0.0004
4607 0.0004
4610 0.0016
4611 0.0004
4612 0.0008
4613 0.0004
4614 0.0008
4615 0.0008
4616 0.0004
4617 0.0008
4618 0.0012
4620 0.0008
4622 0.0004
4623 0.0012
4625 0.0008
4626 0.0016
4627 0.0016
4629 0.0008
4630 0.0004
4631 0.0012
4632 0.0008
4633 0.0008
4634 0.0008
4635 0.0008
4636 0.0004
4639 0.0008
4640 0.0008
4641 0.0008
4642 0.0008
4644 0.0004
4646 0.0008
4647 0.002
4648 0.0004
4649 0.0008
4650 0.0008
4652 0.0004
4653 0.0004
4654 0.0008
4655 0.0004
4657 0.0008
4659 0.0008
4660 0.0008
4663 0.0004
4664 0.0008
4665 0.0008
4668 0.0008
4669 0.0004
4670 0.0004
4671 0.0004
4672 0.0004
4674 0.0004
4675 0.0008
4678 0.0004
4679 0.0004
4681 0.0004
4682 0.0008
4683 0.0004
4684 0.0004
4687 0.0008
4690 0.0008
4691 0.0004
4692 0.0004
4693 0.0004
4694 0.0004
4696 0.0004
4698 0.0008
4703 0.0004
4707 0.0004
4709 0.0012
4710 0.0008
4713 0.0012
4714 0.0004
4715 0.0004
4716 0.0004
4717 0.0004
4718 0.0004
4723 0.0012
4725 0.0004
4726 0.0004
4728 0.0016
4729 0.0004
4732 0.0004
4734 0.0004
4736 0.0004
4737 0.0008
4738 0.0004
4739 0.0008
4741 0.0004
4742 0.0004
4746 0.0008
4747 0.0012
4750 0.0004
4751 0.0008
4752 0.0004
4754 0.0008
4755 0.0004
4759 0.0004
4760 0.0004
4761 0.0004
4762 0.0008
4764 0.0016
4765 0.0008
4766 0.0016
4767 0.0004
4770 0.0004
4773 0.002
4776 0.0008
4777 0.0004
4778 0.0004
4779 0.0008
4780 0.0004
4781 0.0004
4783 0.0004
4784 0.0008
4788 0.0016
4789 0.0008
4790 0.0004
4791 0.0004
4795 0.0004
4796 0.0004
4799 0.0004
4802 0.0008
4808 0.0008
4810 0.0004
4812 0.0008
4815 0.0008
4816 0.0008
4817 0.0004
4818 0.0004
4823 0.0004
4824 0.0004
4829 0.0004
4833 0.0004
4835 0.0004
4837 0.0004
4838 0.0004
4839 0.0004
4840 0.0008
4843 0.0016
4844 0.0004
4846 0.0004
4848 0.0004
4849 0.0004
4852 0.0004
4853 0.0008
4856 0.0004
4857 0.0004
4859 0.0004
4861 0.0004
4862 0.0004
4863 0.0004
4864 0.0004
4868 0.0004
4871 0.0008
4873 0.0004
4877 0.0004
4880 0.0004
4883 0.0004
4887 0.0004
4888 0.0004
4889 0.0008
4890 0.0004
4891 0.0008
4892 0.0004
4894 0.0012
4897 0.0008
4898 0.0004
4899 0.0004
4900 0.0008
4905 0.0004
4906 0.0004
4908 0.0004
4909 0.0004
4910 0.0004
4912 0.0004
4913 0.0004
4915 0.0012
4916 0.0008
4920 0.0012
4921 0.0008
4923 0.0008
4926 0.0004
4928 0.0004
4929 0.0008
4930 0.0008
4934 0.0004
4935 0.0004
4937 0.0004
4938 0.0008
4946 0.0012
4950 0.0004
4951 0.0004
4952 0.0008
4954 0.0004
4960 0.0004
4962 0.0004
4964 0.0008
4966 0.0008
4969 0.0004
4970 0.0004
4972 0.0004
4976 0.0004
4977 0.0008
4978 0.0004
4983 0.0004
4984 0.0008
4985 0.0004
4986 0.0004
4988 0.0004
4990 0.0004
4992 0.0004
4995 0.0004
4999 0.0012
5004 0.0004
5006 0.0004
5007 0.0004
5008 0.0008
5010 0.0004
5013 0.0004
5016 0.0008
5018 0.0008
5021 0.0004
5022 0.0004
5023 0.0004
5024 0.0004
5027 0.0004
5028 0.0004
5029 0.0008
5031 0.0004
5032 0.0004
5034 0.0008
5036 0.0004
5038 0.0008
5040 0.0008
5042 0.0004
5044 0.0004
5045 0.0008
5047 0.0008
5048 0.0004
5050 0.0008
5052 0.0004
5054 0.0004
5056 0.0004
5057 0.0004
5059 0.0004
5061 0.0004
5062 0.0004
5065 0.0004
5066 0.0008
5068 0.0004
5072 0.0004
5073 0.0004
5074 0.0004
5076 0.0004
5077 0.0004
5078 0.0008
5079 0.0004
5088 0.0004
5091 0.0004
5096 0.0004
5097 0.0004
5098 0.0008
5100 0.0004
5106 0.0004
5111 0.0004
5115 0.0004
5116 0.0008
5117 0.0004
5118 0.0004
5120 0.0012
5121 0.0004
5123 0.0004
5124 0.0004
5125 0.0004
5129 0.0004
5133 0.0004
5134 0.0004
5135 0.0004
5136 0.0004
5138 0.0008
5142 0.0004
5143 0.0004
5147 0.0004
5150 0.0004
5155 0.0004
5157 0.0004
5162 0.0004
5164 0.0004
5165 0.0004
5168 0.0008
5171 0.0004
5177 0.0004
5178 0.0004
5184 0.0008
5185 0.0004
5187 0.0004
5188 0.0004
5190 0.0008
5193 0.0008
5195 0.0004
5196 0.0004
5197 0.0004
5203 0.0004
5204 0.0004
5205 0.0004
5208 0.0004
5211 0.0004
5213 0.0004
5214 0.0008
5215 0.0004
5218 0.0004
5219 0.0004
5221 0.0004
5222 0.0004
5224 0.0008
5229 0.0008
5230 0.0004
5233 0.0004
5238 0.0004
5239 0.0004
5243 0.0004
5249 0.0004
5252 0.0004
5253 0.0008
5262 0.0004
5264 0.0008
5265 0.0008
5274 0.0004
5276 0.0004
5277 0.0004
5282 0.0004
5283 0.0004
5284 0.0004
5287 0.0008
5291 0.0004
5293 0.0008
5295 0.0008
5296 0.0008
5297 0.0004
5301 0.0008
5306 0.0004
5313 0.0004
5314 0.0004
5316 0.0004
5318 0.0008
5324 0.0004
5327 0.0004
5331 0.0008
5333 0.0004
5336 0.0008
5342 0.0008
5343 0.0004
5348 0.0004
5349 0.0008
5350 0.0004
5361 0.0008
5363 0.0012
5365 0.0004
5369 0.0004
5370 0.0004
5371 0.0004
5374 0.0004
5377 0.0004
5378 0.0004
5382 0.0008
5389 0.0004
5392 0.0004
5398 0.0008
5399 0.0004
5400 0.0004
5401 0.0004
5402 0.0004
5408 0.0004
5409 0.0004
5410 0.0004
5416 0.0004
5422 0.0004
5425 0.0004
5438 0.0008
5444 0.0004
5446 0.0004
5454 0.0012
5466 0.0004
5480 0.0004
5481 0.0004
5484 0.0004
5485 0.0008
5487 0.0004
5498 0.0004
5502 0.0004
5505 0.0004
5512 0.0004
5518 0.0004
5523 0.0004
5524 0.0004
5528 0.0004
5531 0.0004
5535 0.0004
5536 0.0004
5537 0.0004
5539 0.0004
5550 0.0004
5555 0.0008
5564 0.0004
5565 0.0008
5566 0.0008
5570 0.0004
5572 0.0008
5578 0.0004
5579 0.0004
5581 0.0008
5583 0.0004
5584 0.0008
5589 0.0004
5590 0.0008
5592 0.0004
5594 0.0008
5598 0.0004
5599 0.0004
5603 0.0008
5613 0.0008
5615 0.0004
5618 0.0004
5624 0.0004
5636 0.0004
5652 0.0004
5654 0.0004
5656 0.0004
5663 0.0004
5665 0.0004
5676 0.0004
5678 0.0008
5689 0.0004
5696 0.0004
5700 0.0004
5706 0.0004
5707 0.0004
5709 0.0004
5710 0.0004
5714 0.0004
5716 0.0004
5717 0.0004
5724 0.0004
5729 0.0004
5730 0.0004
5731 0.0004
5732 0.0004
5738 0.0004
5741 0.0004
5747 0.0004
5755 0.0004
5761 0.0004
5762 0.0004
5766 0.0004
5770 0.0004
5774 0.0004
5777 0.0004
5779 0.0004
5782 0.0004
5786 0.0004
5793 0.0012
5795 0.0008
5802 0.0004
5807 0.0004
5809 0.0004
5816 0.0004
5821 0.0004
5835 0.0004
5838 0.0004
5842 0.0004
5845 0.0004
5848 0.0004
5849 0.0008
5869 0.0004
5872 0.0004
5877 0.0004
5883 0.0004
5887 0.0004
5891 0.0004
5909 0.0004
5911 0.0004
5913 0.0004
5923 0.0004
5933 0.0004
5936 0.0004
5946 0.0004
5947 0.0004
5953 0.0008
5954 0.0004
5957 0.0004
5959 0.0004
5964 0.0004
5981 0.0004
5987 0.0004
5989 0.0004
5991 0.0004
6005 0.0004
6006 0.0004
6012 0.0004
6040 0.0004
6055 0.0004
6057 0.0004
6059 0.0004
6076 0.0008
6093 0.0004
6100 0.0004
6105 0.0004
6110 0.0004
6120 0.0004
6124 0.0004
6131 0.0004
6144 0.0004
6187 0.0004
6189 0.0004
6205 0.0004
6213 0.0004
6217 0.0004
6222 0.0004
6238 0.0004
6246 0.0004
6278 0.0004
6282 0.0004
6324 0.0004
6333 0.0008
6336 0.0004
6346 0.0004
6357 0.0004
6365 0.0004
6366 0.0004
6371 0.0004
6380 0.0004
6398 0.0004
6417 0.0004
6425 0.0004
6439 0.0004
6440 0.0004
6453 0.0004
6454 0.0008
6457 0.0008
6474 0.0004
6477 0.0004
6494 0.0004
6510 0.0004
6579 0.0004
6595 0.0004
6603 0.0004
6607 0.0004
6613 0.0004
6621 0.0004
6657 0.0004
6661 0.0004
6692 0.0004
6701 0.0004
6704 0.0004
6732 0.0004
6742 0.0004
6756 0.0004
6779 0.0004
6791 0.0004
6844 0.0004
6854 0.0004
6859 0.0004
6895 0.0004
6962 0.0004
7010 0.0004
7042 0.0004
7066 0.0004
7067 0.0004
7105 0.0004
7125 0.0004
7136 0.0004
7231 0.0004
7280 0.0004
7288 0.0004
7305 0.0004
7384 0.0004
7462 0.0004
7464 0.0004
7468 0.0004
7477 0.0004
7482 0.0004
7508 0.0004
7548 0.0004
7758 0.0004
7883 0.0004
8023 0.0004
8270 0.0004
8323 0.0004
8351 0.0004
8490 0.0004
8602 0.0004
8653 0.0004
8992 0.0004
