# 12 2.5556
0
0
0
0
0
0
0
7
0
0
0
0
0
13
13
0
13
0
0
0
0
0
13
13
13
13
26
26
26
13
13
13
13
13
34
34
34
34
34
13
13
13
13
43
13
13
13
0
0
0
0
0
0
0
0
0
0
0
0
0
60
0
0
0
13
0
0
0
0
0
0
0
13
13
13
13
13
13
13
13
13
13
34
34
34
34
34
34
88
34
34
34
13
13
13
95
13
0
0
13
0
0
0
0
0
0
0
0
0
0
60
0
0
0
0
0
0
0
0
0
0
0
13
13
13
13
0
13
13
13
13
13
34
34
34
34
34
34
34
34
34
34
13
13
13
13
13
0
13
13
0
0
0
0
0
0
0
0
158
158
0
0
0
0
0
0
0
0
0
0
0
0
0
0
0
0
0
13
13
13
13
13
34
183
34
34
34
34
34
34
34
34
34
34
34
13
13
13
13
13
0
0
0
0
13
13
0
0
0
0
0
0
0
0
0
0
0
0
0
0
0
0
0
0
13
13
13
13
13
13
13
13
34
34
34
34
34
34
34
34
34
34
34
34
244
245
13
13
13
13
0
0
0
0
13
13
13
0
258
0
0
0
0
0
0
0
0
0
0
269
0
0
0
0
13
13
276
13
13
13
13
13
34
34
34
34
34
34
34
34
34
34
34
34
34
13
13
13
13
0
0
0
0
0
0
0
13
0
0
0
0
0
0
0
0
0
0
0
0
0
0
0
0
0
13
13
13
13
13
13
13
34
34
34
34
34
34
34
34
34
34
34
34
34
34
13
13
13
13
0
0
0
0
0
0
0
13
13
0
0
0
0
0
0
0
0
366
366
366
0
0
0
0
0
13
13
13
13
13
13
34
34
34
34
34
34
34
34
34
34
34
34
34
34
34
13
13
13
13
0
0
0
0
0
0
0
13
13
13
0
0
0
0
0
0
366
366
366
0
0
420
420
0
0
13
13
13
13
34
34
34
34
34
34
34
34
34
34
34
34
34
34
34
34
34
34
13
0
0
0
0
0
0
0
0
0
13
0
0
0
0
0
0
0
366
366
366
366
366
0
0
0
0
0
0
13
13
13
34
34
34
481
34
483
483
483
34
34
34
34
34
34
34
34
34
34
13
13
0
0
0
0
0
0
0
13
13
13
0
0
0
0
0
0
366
366
366
366
0
0
520
0
0
0
0
0
0
13
13
13
34
34
34
34
483
34
34
34
34
34
34
34
34
34
13
13
13
13
0
0
0
0
0
0
0
13
13
13
0
0
0
0
0
0
366
366
366
366
0
0
520
0
0
0
0
0
13
13
13
13
13
34
34
34
34
34
34
34
34
34
34
34
34
13
13
13
13
13
13
0
0
13
13
0
0
13
13
13
0
0
0
0
13
0
0
0
0
0
0
0
520
0
0
0
0
0
0
13
628
13
13
13
34
34
34
34
34
34
34
34
34
34
34
13
13
13
13
13
13
13
13
13
13
13
13
13
13
13
0
0
0
13
13
0
13
13
0
0
0
0
0
0
0
673
0
0
0
13
13
679
13
13
34
34
34
34
34
34
34
689
34
691
34
34
13
13
13
13
13
13
700
13
13
13
704
704
13
13
13
0
0
13
13
13
13
13
0
0
0
0
0
0
0
673
673
673
0
13
13
13
13
13
13
34
34
34
34
34
34
34
34
34
34
13
13
13
13
13
13
13
700
13
13
13
13
704
704
13
13
13
13
13
13
13
13
13
0
0
0
0
13
13
0
0
0
0
13
13
13
13
13
13
34
34
13
34
34
34
34
34
34
34
34
13
13
13
13
13
13
700
700
13
13
13
704
704
704
704
13
13
810
13
13
13
13
0
0
0
0
0
13
13
13
13
0
13
13
13
13
13
13
13
13
34
13
34
34
34
13
34
34
13
13
13
13
13
846
13
13
13
700
13
13
13
704
704
704
13
13
13
13
13
13
0
0
0
0
0
868
0
13
13
13
13
13
13
13
13
13
13
13
13
13
13
13
13
13
13
13
34
34
13
13
893
893
13
13
13
13
13
13
13
13
13
704
13
13
13
13
13
13
13
0
0
0
0
916
916
0
13
13
13
13
13
13
13
13
13
13
13
13
931
931
13
13
34
34
13
13
34
34
13
13
893
893
13
13
13
13
13
13
13
13
704
704
13
13
13
958
958
958
13
13
0
13
0
0
0
0
0
0
0
13
13
974
13
13
13
13
13
13
931
931
13
13
34
34
13
13
34
34
13
13
13
13
13
13
13
13
13
13
13
704
704
704
13
13
13
13
13
13
13
13
13
13
13
0
0
0
0
0
0
13
13
974
13
13
13
13
13
13
931
13
13
13
13
34
34
34
34
34
13
13
13
704
13
13
13
13
13
13
704
704
704
704
704
13
13
1058
13
13
13
13
13
13
13
13
0
0
0
1070
0
0
13
13
13
13
13
13
13
13
931
13
13
34
34
34
34
34
34
34
13
13
13
704
13
1096
13
13
13
704
704
704
13
13
13
13
13
1058
13
13
13
1112
1112
13
0
0
0
0
0
0
0
0
0
0
13
13
13
13
13
13
13
1132
13
34
34
13
13
13
34
13
13
13
13
704
704
13
13
704
704
704
704
704
704
704
13
13
1058
1058
13
13
13
13
13
13
13
0
0
0
0
0
0
1172
0
0
0
13
0
0
13
13
1181
13
13
13
13
13
13
13
13
13
13
13
13
13
704
704
704
1198
1198
704
704
13
13
13
13
13
13
1058
13
13
13
13
13
13
13
13
0
0
0
0
0
0
0
0
0
0
0
0
13
13
1181
13
13
1234
13
13
13
13
13
13
13
13
13
704
704
704
704
704
704
704
13
13
13
13
13
13
13
1058
13
13
13
13
13
13
13
13
13
13
0
0
0
0
0
1274
0
0
0
0
13
13
13
13
13
13
1285
13
13
13
13
13
13
13
13
13
704
704
704
704
704
704
13
13
13
13
13
13
13
13
13
13
13
13
13
13
13
13
13
13
0
0
0
0
0
0
0
0
13
0
13
13
13
13
1333
13
13
13
13
13
1339
13
13
13
13
13
13
13
704
704
704
13
13
13
13
13
13
13
13
13
13
13
13
13
1363
13
13
13
13
13
13
0
0
0
0
0
0
0
13
0
13
13
13
13
1333
13
13
13
13
13
13
13
13
13
13
13
13
13
13
704
13
13
13
13
13
13
13
13
13
13
13
13
13
13
1363
13
13
13
13
13
13
0
0
0
0
13
13
13
13
13
13
1430
13
13
1333
13
13
13
13
13
13
13
13
1442
13
13
13
13
13
13
13
13
13
13
13
13
13
13
13
13
13
0
13
13
13
0
0
0
0
0
0
0
0
0
13
13
13
13
13
13
0
13
13
13
13
13
13
13
13
13
13
13
13
1442
1442
13
13
13
13
13
13
13
13
13
13
13
13
13
13
13
0
0
0
0
0
0
0
0
0
0
0
0
0
0
0
0
0
0
0
0
0
0
13
1532
13
13
13
13
13
13
13
13
1442
1442
1442
13
13
13
1547
13
13
13
13
13
13
13
13
13
0
0
0
0
0
0
0
0
0
0
0
0
0
0
0
0
0
0
0
0
0
0
0
0
13
13
13
13
13
13
13
13
13
13
1442
1442
13
13
13
13
13
13
13
13
13
13
13
13
13
13
0
1608
0
0
0
0
0
0
0
0
0
0
0
0
1621
0
0
0
0
0
0
0
0
0
0
13
13
13
13
13
13
13
13
13
1442
1442
1442
13
13
13
13
13
13
13
13
13
13
13
13
13
0
0
0
0
0
0
0
0
0
0
1667
0
0
0
0
0
1673
0
0
0
0
0
0
0
13
13
13
13
13
13
13
13
1442
13
1442
1442
1442
1442
1442
1442
1442
13
13
13
13
13
13
13
13
13
13
13
0
0
0
0
0
0
0
0
0
0
0
0
0
0
0
0
0
0
0
0
0
0
0
13
13
13
13
13
13
1442
1442
1442
1442
1442
1442
1442
1442
1442
1442
1442
13
13
13
13
13
13
13
13
13
13
0
0
0
0
0
0
0
0
0
0
0
0
0
0
13
13
0
0
0
0
0
0
0
0
13
13
13
13
1442
1442
1442
1442
1442
1442
1442
1442
1442
1442
1442
13
13
1800
13
13
13
13
1805
1805
13
13
13
0
0
0
0
0
0
0
0
0
0
0
0
13
13
13
0
0
0
0
0
13
13
0
13
1834
13
13
1442
13
1442
1442
1442
1442
1442
1442
1442
1442
1442
13
13
13
13
13
13
13
1805
1805
13
13
0
0
0
0
0
0
0
0
0
0
0
0
0
13
13
13
0
0
0
0
13
13
13
0
0
13
13
13
13
13
1442
1442
1442
13
1442
1442
1442
1442
1442
13
13
13
13
0
0
13
13
13
13
13
0
0
0
0
0
13
0
0
0
0
0
0
0
13
13
13
13
0
0
0
13
13
13
0
0
13
13
13
13
13
13
13
13
13
1442
1442
1442
1442
1442
13
13
13
0
0
0
0
0
13
0
0
0
1960
0
0
13
13
0
0
0
0
0
0
0
0
13
13
13
0
13
13
13
13
13
13
13
13
1985
1985
13
13
13
13
13
1442
1442
13
13
13
13
13
13
13
13
13
13
0
0
13
0
0
0
0
13
0
13
13
13
13
0
0
0
0
13
13
13
2024
13
0
13
13
2029
13
13
13
13
13
13
13
2037
13
13
13
13
13
1442
1442
13
1442
13
13
13
13
13
13
0
2054
0
13
0
0
0
0
13
13
2063
13
13
13
13
0
0
0
13
13
2073
13
13
13
13
13
2029
2029
13
13
13
13
13
13
2037
13
13
1442
1442
1442
1442
1442
1442
1442
13
2098
13
13
0
0
0
0
0
0
0
2108
0
0
13
13
13
13
13
13
13
0
0
0
13
13
2073
13
2125
2125
13
13
13
13
13
13
13
13
13
2136
13
13
13
1442
1442
1442
1442
1442
1442
1442
13
13
2149
0
0
0
0
0
0
0
0
2108
0
0
13
13
13
13
13
13
13
0
13
0
0
0
13
13
13
13
13
13
13
13
13
13
13
13
13
13
13
13
13
1442
1442
1442
1442
1442
1442
1442
13
13
13
0
0
0
0
0
0
0
2108
2108
0
0
13
13
13
13
13
13
13
13
13
13
0
0
13
13
2225
2225
13
13
13
13
13
13
13
13
13
13
13
13
13
1442
1442
1442
1442
1442
1442
1442
13
13
13
13
0
0
0
0
0
0
0
0
0
0
13
13
13
13
13
13
13
13
13
13
13
13
13
13
13
13
13
13
13
13
13
13
13
13
13
13
13
13
13
13
1442
1442
1442
1442
1442
13
13
13
13
13
13
0
0
0
0
0
0
0
2309
0
0
0
13
13
13
13
13
13
0
13
13
13
13
2324
2324
13
13
13
13
13
13
13
13
13
13
13
13
13
13
13
1442
1442
13
13
13
13
13
2348
13
13
13
0
0
0
0
0
0
0
2309
0
0
0
0
0
0
13
13
13
0
13
13
13
13
2324
2324
2324
13
13
13
13
13
13
13
13
13
13
13
13
13
1442
1442
1442
13
13
13
13
13
13
13
0
0
2402
0
0
0
0
0
0
0
0
0
0
0
0
13
13
13
13
0
13
0
0
13
13
13
13
13
13
13
13
13
13
13
13
13
34
34
34
13
1442
1442
1442
13
13
2445
2445
13
13
0
0
0
0
0
0
0
0
0
0
0
0
0
0
13
13
13
13
13
0
0
0
0
0
13
13
13
13
13
13
13
13
13
13
13
13
13
34
13
13
13
13
1442
13
13
13
13
2445
13
0
0
