# 12 2.3000
0
0
0
0
0
0
0
0
0
0
0
11
0
0
14
0
0
0
0
0
0
0
22
22
22
0
0
0
0
0
22
22
22
0
0
0
0
0
0
39
39
39
39
39
39
39
0
0
0
0
0
0
0
0
0
0
0
0
0
0
0
0
0
0
0
0
0
67
67
0
0
0
22
22
22
0
0
0
22
0
22
22
22
22
0
0
0
0
0
0
39
39
39
39
39
39
0
0
0
0
0
0
0
0
0
0
0
0
0
0
0
0
0
0
0
0
0
0
67
0
0
0
0
0
0
0
0
0
22
0
22
22
22
22
0
0
0
0
0
0
39
39
39
39
0
0
0
0
0
0
0
0
0
0
0
0
0
0
0
0
0
0
0
163
163
0
0
0
0
0
0
0
0
0
0
0
0
0
22
22
22
22
22
22
0
0
0
0
39
0
39
39
39
39
39
0
0
0
0
0
0
0
0
0
0
0
0
0
0
0
0
0
0
0
0
0
0
0
0
0
0
0
0
0
0
0
22
0
22
22
22
22
22
22
0
0
0
39
39
0
39
39
39
0
0
0
0
247
247
0
0
0
0
0
0
0
0
0
0
0
0
261
0
0
0
0
0
0
0
0
0
0
0
0
0
0
22
22
22
22
22
22
22
22
0
0
0
39
39
39
39
39
0
0
0
0
0
247
247
0
0
0
0
0
0
0
0
0
0
0
0
0
0
0
0
0
0
0
0
0
0
0
0
0
0
0
22
22
22
22
22
22
22
22
0
0
0
39
39
39
39
0
0
0
0
0
0
0
247
247
0
0
0
0
0
355
0
0
0
0
0
0
0
0
0
0
0
0
0
0
0
0
0
0
0
0
0
0
0
22
22
381
22
0
0
0
0
39
39
39
39
0
0
0
0
0
0
0
0
0
400
0
0
0
0
0
0
0
0
0
0
0
412
412
412
0
0
0
0
0
0
0
0
0
0
0
0
0
0
0
0
22
22
22
22
0
0
0
39
39
0
0
0
0
0
0
0
447
0
0
0
0
0
0
0
0
0
0
0
0
0
0
412
412
0
0
0
0
0
469
0
0
472
0
0
0
0
0
0
0
0
0
0
0
0
0
0
0
0
0
0
0
0
0
0
0
0
0
0
0
0
0
0
0
0
0
0
0
0
0
0
0
0
412
0
0
0
0
0
0
0
0
0
0
0
0
0
0
0
0
0
0
0
0
0
0
0
0
0
0
0
0
0
0
0
0
0
0
0
0
0
0
0
0
0
0
0
0
0
0
0
561
0
0
0
0
0
0
0
569
569
0
0
573
0
0
0
0
0
0
0
0
0
0
0
0
0
0
0
0
590
0
0
0
0
0
0
0
0
0
0
0
0
0
0
0
0
0
0
0
0
0
0
0
0
0
0
0
0
0
0
0
0
0
0
0
0
0
0
0
0
0
0
0
0
0
0
0
0
0
0
0
0
0
0
0
0
0
648
0
0
0
0
0
0
0
0
0
0
0
0
661
0
0
0
0
0
0
0
0
0
0
0
0
0
0
0
0
0
0
0
0
0
0
0
0
0
0
0
0
0
0
0
0
694
694
0
0
0
0
0
0
0
0
0
0
0
0
0
0
0
0
0
0
0
0
0
0
0
719
0
0
0
0
0
0
0
727
0
0
0
0
0
0
0
0
0
0
0
0
0
0
0
0
0
694
0
747
0
0
0
0
0
0
0
0
0
0
0
0
760
760
0
0
0
0
0
0
0
0
0
0
0
0
0
0
0
0
0
0
0
0
0
0
0
0
0
0
0
0
0
0
0
0
0
0
0
747
0
0
0
0
0
0
0
0
0
0
0
0
760
0
0
0
814
0
0
0
818
0
0
0
0
0
0
0
0
0
0
0
0
0
0
0
0
0
0
0
0
0
0
0
0
0
0
0
0
0
0
0
850
850
0
0
0
0
0
857
0
0
0
0
0
0
0
0
0
0
0
0
0
0
0
0
0
875
0
0
0
0
0
0
0
0
0
0
0
0
0
0
0
0
0
0
0
0
0
0
850
850
0
0
0
0
0
905
0
857
857
0
0
0
0
0
0
0
0
0
0
0
0
0
0
0
0
875
0
0
0
0
0
0
0
0
0
0
0
0
0
0
0
0
0
0
0
0
0
0
0
850
0
0
0
0
0
0
0
0
857
0
0
0
0
0
0
0
0
0
968
0
0
0
0
0
0
875
875
0
0
0
0
0
0
0
0
985
0
0
0
0
0
0
0
0
0
0
0
0
0
0
0
0
0
0
1004
1004
0
0
857
0
0
0
0
0
0
0
0
0
0
0
0
1021
0
0
0
875
875
875
0
0
0
0
0
0
0
0
0
0
0
0
0
0
0
0
0
0
0
0
0
0
1050
0
0
0
0
1004
0
0
857
0
0
1061
0
0
0
0
0
0
0
0
0
0
0
0
0
0
0
0
0
0
0
1081
1081
1081
1081
1081
1081
0
0
0
0
0
0
0
0
0
0
0
1050
0
1050
1050
0
0
0
0
0
0
0
0
0
1061
0
0
0
0
0
0
0
0
0
0
0
0
0
0
0
0
0
0
0
0
0
1081
1081
1081
1081
0
0
0
0
1050
1050
1050
0
0
0
1050
1050
1050
1050
1050
0
0
0
0
0
0
0
0
0
0
0
0
0
0
1166
0
0
0
0
0
0
0
0
0
0
0
0
0
0
0
0
0
0
1081
0
0
0
0
0
1050
1050
1050
1050
1050
0
1050
1050
1050
1050
1050
0
0
0
0
0
0
0
0
0
0
0
0
0
0
0
0
0
0
1220
0
0
1223
0
0
0
0
0
0
0
0
0
0
0
0
0
0
0
0
0
0
0
1050
1050
1050
1050
1050
1050
1050
0
1050
0
0
0
0
0
0
0
0
0
0
0
0
0
0
1266
1266
1266
0
0
0
0
0
0
0
0
0
0
0
0
0
0
0
0
0
0
0
0
0
1050
0
0
1050
1050
1050
1050
1050
0
0
0
0
0
0
0
0
0
0
0
0
0
0
0
0
0
0
0
0
0
0
0
0
0
0
0
0
0
0
0
0
0
0
0
0
0
0
0
0
0
0
1050
1050
1050
1050
1050
1050
1050
0
0
0
1050
0
0
0
1354
0
0
0
0
0
0
0
0
0
0
0
0
0
1368
0
0
1371
1371
1371
1371
1371
1371
1371
0
0
0
0
0
0
0
0
0
0
0
0
0
0
0
1050
1050
1050
1050
1050
1050
1050
1050
1050
0
1354
1354
1354
0
0
0
0
0
0
0
0
0
0
1416
0
0
0
0
0
1371
1371
1371
1371
1371
0
0
0
0
0
0
0
0
0
0
0
0
0
0
0
1050
1050
1050
1050
1050
1050
1050
1050
1050
1050
0
0
1354
1354
0
0
0
0
0
0
0
0
0
0
0
0
0
0
0
0
1371
1371
1371
1371
1371
1371
0
0
0
0
22
0
0
0
1486
0
0
0
0
0
1050
1050
0
1050
1050
1050
1050
1050
0
1050
1050
0
0
1354
0
0
0
0
0
0
0
0
0
0
0
0
0
0
0
1371
1371
1371
0
0
0
0
0
0
0
0
22
22
0
0
0
0
22
0
0
0
0
0
0
1050
1050
1050
1050
1050
0
0
0
0
0
0
0
0
0
0
0
0
0
0
0
0
0
0
0
0
0
0
0
1371
1371
0
0
1577
0
0
0
0
22
22
22
0
22
22
22
22
0
0
0
0
0
1050
1050
1050
0
0
0
0
0
0
0
0
0
0
0
0
0
0
0
0
0
0
0
0
0
0
0
1621
0
0
0
1577
1577
1577
0
22
22
22
22
22
22
22
22
22
22
0
0
0
0
0
0
0
0
1050
0
0
0
0
0
0
0
0
0
0
0
0
0
0
0
0
0
0
0
0
0
0
0
0
0
0
0
0
1577
0
0
22
22
22
22
22
22
22
22
22
22
22
0
0
0
0
0
0
1696
0
0
0
0
0
0
0
0
0
0
0
0
0
0
0
0
0
0
0
0
0
0
1719
0
0
0
0
0
0
0
0
0
0
22
22
22
22
1734
22
22
22
22
22
22
0
0
0
0
0
1696
1696
0
0
0
0
0
0
0
0
0
0
0
0
0
0
0
0
0
0
0
0
0
0
0
0
0
0
0
0
0
0
0
0
22
22
22
22
1734
22
22
22
22
0
0
1791
1791
0
0
0
0
0
0
0
0
0
0
0
0
0
0
0
0
0
0
0
0
0
0
0
0
0
0
0
0
0
0
0
0
0
0
0
0
0
22
22
22
22
22
22
22
22
22
0
0
0
0
0
0
0
0
0
0
0
0
0
1852
0
0
0
0
0
0
0
0
0
0
0
0
0
0
0
0
0
0
0
0
0
0
0
0
0
0
0
0
0
0
22
1884
22
22
22
22
22
0
0
0
0
0
1895
0
0
0
0
0
1901
0
1903
0
0
0
0
0
0
0
0
0
0
0
0
0
0
0
0
0
0
0
0
0
0
0
0
22
22
0
0
0
22
1884
22
22
22
22
22
22
22
0
0
0
0
0
1947
1947
0
0
0
0
0
0
0
0
0
0
0
0
0
0
0
0
0
0
0
0
0
0
0
0
0
0
0
0
0
22
22
0
0
0
22
22
1985
1985
22
22
22
22
22
0
0
0
0
0
0
0
0
0
0
2002
2002
2002
2002
2002
0
0
0
0
0
0
0
0
0
0
0
0
0
0
0
0
0
0
0
22
22
22
22
0
22
22
22
22
22
22
22
22
22
22
22
0
0
0
0
0
0
0
0
0
0
0
0
2002
2002
2002
0
0
2059
0
0
0
0
0
2065
0
0
2068
2068
2068
2068
2068
0
22
22
22
22
22
22
22
22
22
22
22
2085
22
22
0
0
0
22
0
2093
0
0
0
0
0
0
0
0
0
0
0
0
2002
0
0
0
0
0
0
0
0
0
0
0
0
2068
0
0
0
22
22
22
22
22
22
22
22
22
22
22
22
22
22
22
22
0
0
22
0
0
0
0
0
0
0
0
0
0
2152
0
0
2002
2002
0
0
0
0
0
0
0
0
0
0
2167
0
0
0
0
22
22
22
22
2176
22
22
22
2180
22
22
22
22
22
22
22
22
0
0
0
0
0
0
0
2196
0
0
0
0
0
0
0
0
0
0
0
0
0
0
0
0
0
0
0
0
0
22
22
22
22
22
22
22
22
22
22
22
22
22
22
22
22
22
22
2236
22
22
0
0
0
0
0
0
0
0
2247
0
0
0
2251
2251
0
0
0
0
0
0
0
0
0
0
0
0
0
0
0
22
22
0
0
22
22
22
22
22
22
22
22
22
22
2282
22
22
22
22
22
22
22
0
0
0
0
0
0
0
0
0
0
0
2251
0
0
0
0
0
0
0
0
0
2311
0
0
0
0
0
0
0
22
0
22
22
22
22
22
22
22
22
22
22
22
22
22
22
22
22
22
0
0
0
0
0
0
0
0
0
0
0
0
0
0
0
0
0
0
0
0
0
0
0
0
0
0
0
0
0
0
0
0
0
0
22
22
22
22
22
22
22
22
22
22
22
22
0
22
22
22
0
0
0
0
0
0
0
0
0
0
0
0
0
0
0
0
0
0
0
0
0
0
0
0
0
0
0
0
0
0
0
0
0
0
22
22
0
0
22
2427
22
22
22
22
22
0
0
0
0
22
0
0
0
0
0
0
0
0
0
0
0
0
0
0
0
2453
0
2455
2455
0
0
0
0
0
0
0
0
0
0
0
0
0
0
0
22
22
22
0
0
22
22
22
22
22
22
0
0
0
0
22
0
0
39
39
39
39
0
0
0
0
0
0
